1751481119374 0.14987628161907196 0 bd1e2e88ef2b4d93beda611f2ddf6c03
1751481120039 0.16542948782444 1 bd1e2e88ef2b4d93beda611f2ddf6c03
1751481120711 0.18027570843696594 2 bd1e2e88ef2b4d93beda611f2ddf6c03
1751481121332 0.19830328226089478 3 bd1e2e88ef2b4d93beda611f2ddf6c03
1751481121975 0.2099681794643402 4 bd1e2e88ef2b4d93beda611f2ddf6c03
1751481122591 0.22340048849582672 5 bd1e2e88ef2b4d93beda611f2ddf6c03
1751481123206 0.22375397384166718 6 bd1e2e88ef2b4d93beda611f2ddf6c03
1751481123803 0.23117709159851074 7 bd1e2e88ef2b4d93beda611f2ddf6c03
1751481124427 0.23188406229019165 8 bd1e2e88ef2b4d93beda611f2ddf6c03
1751481125020 0.2633439302444458 9 bd1e2e88ef2b4d93beda611f2ddf6c03
1751481125674 0.2615765333175659 10 bd1e2e88ef2b4d93beda611f2ddf6c03
1751481126303 0.26193001866340637 11 bd1e2e88ef2b4d93beda611f2ddf6c03
1751481126958 0.2583951950073242 12 bd1e2e88ef2b4d93beda611f2ddf6c03
1751481127553 0.2626369595527649 13 bd1e2e88ef2b4d93beda611f2ddf6c03
1751481128182 0.28031107783317566 14 bd1e2e88ef2b4d93beda611f2ddf6c03
1751481128831 0.27324143052101135 15 bd1e2e88ef2b4d93beda611f2ddf6c03
1751481129501 0.28844115138053894 16 bd1e2e88ef2b4d93beda611f2ddf6c03
1751481130186 0.3096500635147095 17 bd1e2e88ef2b4d93beda611f2ddf6c03
1751481130850 0.30116650462150574 18 bd1e2e88ef2b4d93beda611f2ddf6c03
1751481131458 0.3022269308567047 19 bd1e2e88ef2b4d93beda611f2ddf6c03
1751481132079 0.31212443113327026 20 bd1e2e88ef2b4d93beda611f2ddf6c03
1751481132716 0.31707316637039185 21 bd1e2e88ef2b4d93beda611f2ddf6c03
1751481133346 0.3085896074771881 22 bd1e2e88ef2b4d93beda611f2ddf6c03
1751481133987 0.3142453134059906 23 bd1e2e88ef2b4d93beda611f2ddf6c03
1751481134609 0.3347472548484802 24 bd1e2e88ef2b4d93beda611f2ddf6c03
1751481135271 0.3389890491962433 25 bd1e2e88ef2b4d93beda611f2ddf6c03
1751481135918 0.32909154891967773 26 bd1e2e88ef2b4d93beda611f2ddf6c03
1751481136531 0.337221622467041 27 bd1e2e88ef2b4d93beda611f2ddf6c03
1751481137166 0.34075644612312317 28 bd1e2e88ef2b4d93beda611f2ddf6c03
1751481137805 0.33757510781288147 29 bd1e2e88ef2b4d93beda611f2ddf6c03
1751481138433 0.3605514168739319 30 bd1e2e88ef2b4d93beda611f2ddf6c03
1751481139089 0.3556026816368103 31 bd1e2e88ef2b4d93beda611f2ddf6c03
1751481139723 0.3570166230201721 32 bd1e2e88ef2b4d93beda611f2ddf6c03
1751481140350 0.35843053460121155 33 bd1e2e88ef2b4d93beda611f2ddf6c03
1751481140994 0.3524213433265686 34 bd1e2e88ef2b4d93beda611f2ddf6c03
1751481141655 0.35984447598457336 35 bd1e2e88ef2b4d93beda611f2ddf6c03
1751481142274 0.3739837408065796 36 bd1e2e88ef2b4d93beda611f2ddf6c03
1751481142918 0.38140684366226196 37 bd1e2e88ef2b4d93beda611f2ddf6c03
1751481143539 0.37681159377098083 38 bd1e2e88ef2b4d93beda611f2ddf6c03
1751481144142 0.3715093731880188 39 bd1e2e88ef2b4d93beda611f2ddf6c03
1751481144738 0.3817603290081024 40 bd1e2e88ef2b4d93beda611f2ddf6c03
1751481145353 0.380346417427063 41 bd1e2e88ef2b4d93beda611f2ddf6c03
1751481145988 0.38706257939338684 42 bd1e2e88ef2b4d93beda611f2ddf6c03
1751481146587 0.38635560870170593 43 bd1e2e88ef2b4d93beda611f2ddf6c03
1751481147233 0.38847649097442627 44 bd1e2e88ef2b4d93beda611f2ddf6c03
1751481147852 0.4057970941066742 45 bd1e2e88ef2b4d93beda611f2ddf6c03
1751481148449 0.41180628538131714 46 bd1e2e88ef2b4d93beda611f2ddf6c03
1751481149052 0.4192294180393219 47 bd1e2e88ef2b4d93beda611f2ddf6c03
1751481149672 0.4001413881778717 48 bd1e2e88ef2b4d93beda611f2ddf6c03
1751481150320 0.4015553295612335 49 bd1e2e88ef2b4d93beda611f2ddf6c03
1751481119374 0.14987628161907196 0 bd1e2e88ef2b4d93beda611f2ddf6c03
