1751483925143 0.14757834374904633 0 7a274ec9b6684676967da74de4d75a26
1751483925530 0.16353276371955872 1 7a274ec9b6684676967da74de4d75a26
1751483925934 0.15954415500164032 2 7a274ec9b6684676967da74de4d75a26
1751483926321 0.1606837660074234 3 7a274ec9b6684676967da74de4d75a26
1751483926722 0.15954415500164032 4 7a274ec9b6684676967da74de4d75a26
1751483927093 0.17777778208255768 5 7a274ec9b6684676967da74de4d75a26
1751483927481 0.18632479012012482 6 7a274ec9b6684676967da74de4d75a26
1751483927887 0.19430199265480042 7 7a274ec9b6684676967da74de4d75a26
1751483928292 0.2153846174478531 8 7a274ec9b6684676967da74de4d75a26
1751483928689 0.23076923191547394 9 7a274ec9b6684676967da74de4d75a26
1751483929084 0.2541310489177704 10 7a274ec9b6684676967da74de4d75a26
1751483929488 0.25242164731025696 11 7a274ec9b6684676967da74de4d75a26
1751483929870 0.2757834792137146 12 7a274ec9b6684676967da74de4d75a26
1751483930274 0.2917378842830658 13 7a274ec9b6684676967da74de4d75a26
1751483930672 0.30313390493392944 14 7a274ec9b6684676967da74de4d75a26
1751483931074 0.3116809129714966 15 7a274ec9b6684676967da74de4d75a26
1751483931464 0.30598291754722595 16 7a274ec9b6684676967da74de4d75a26
1751483931858 0.3088319003582001 17 7a274ec9b6684676967da74de4d75a26
1751483932264 0.33276352286338806 18 7a274ec9b6684676967da74de4d75a26
1751483932661 0.3236467242240906 19 7a274ec9b6684676967da74de4d75a26
1751483933054 0.3321937322616577 20 7a274ec9b6684676967da74de4d75a26
1751483933455 0.34472933411598206 21 7a274ec9b6684676967da74de4d75a26
1751483933862 0.34472933411598206 22 7a274ec9b6684676967da74de4d75a26
1751483934252 0.3532763421535492 23 7a274ec9b6684676967da74de4d75a26
1751483934657 0.3572649657726288 24 7a274ec9b6684676967da74de4d75a26
1751483935071 0.35954415798187256 25 7a274ec9b6684676967da74de4d75a26
1751483935443 0.36866095662117004 26 7a274ec9b6684676967da74de4d75a26
1751483935837 0.3737891614437103 27 7a274ec9b6684676967da74de4d75a26
1751483936229 0.3709401786327362 28 7a274ec9b6684676967da74de4d75a26
1751483936621 0.3772079646587372 29 7a274ec9b6684676967da74de4d75a26
1751483925143 0.14757834374904633 0 7a274ec9b6684676967da74de4d75a26
