1751481021322 0.08165429532527924 0
1751481021771 0.10887239128351212 1
1751481022168 0.1311417520046234 2
1751481022590 0.1329091489315033 3
1751481022981 0.14103923738002777 4
1751481023399 0.15871332585811615 5
1751481023835 0.16578295826911926 6
1751481024221 0.15553198754787445 7
1751481024613 0.17249912023544312 8
1751481025025 0.1806291937828064 9
1751481025435 0.17956875264644623 10
1751481025865 0.19052669405937195 11
1751481026295 0.18593142926692963 12
1751481026709 0.1901732087135315 13
1751481027143 0.17956875264644623 14
1751481027567 0.18663838505744934 15
1751481021322 0.08165429532527924 0
