1751483060471 0.15441595017910004 0 8de7cb7c69fb417eada93f4c00c0cb8e
1751483062791 0.14814814925193787 1 8de7cb7c69fb417eada93f4c00c0cb8e
1751483063771 0.16011396050453186 2 8de7cb7c69fb417eada93f4c00c0cb8e
1751483064823 0.17891737818717957 3 8de7cb7c69fb417eada93f4c00c0cb8e
1751483065827 0.16923077404499054 4 8de7cb7c69fb417eada93f4c00c0cb8e
1751483067084 0.16011396050453186 5 8de7cb7c69fb417eada93f4c00c0cb8e
1751483068181 0.17094017565250397 6 8de7cb7c69fb417eada93f4c00c0cb8e
1751483069402 0.1766381710767746 7 8de7cb7c69fb417eada93f4c00c0cb8e
1751483070533 0.17834757268428802 8 8de7cb7c69fb417eada93f4c00c0cb8e
1751483071815 0.1766381710767746 9 8de7cb7c69fb417eada93f4c00c0cb8e
1751483072860 0.17720797657966614 10 8de7cb7c69fb417eada93f4c00c0cb8e
1751483073956 0.18917378783226013 11 8de7cb7c69fb417eada93f4c00c0cb8e
1751483075060 0.18689458072185516 12 8de7cb7c69fb417eada93f4c00c0cb8e
1751483076100 0.18290598690509796 13 8de7cb7c69fb417eada93f4c00c0cb8e
1751483077274 0.1886039823293686 14 8de7cb7c69fb417eada93f4c00c0cb8e
1751483078479 0.19316239655017853 15 8de7cb7c69fb417eada93f4c00c0cb8e
1751483079361 0.18917378783226013 16 8de7cb7c69fb417eada93f4c00c0cb8e
1751483060471 0.15441595017910004 0 8de7cb7c69fb417eada93f4c00c0cb8e
