1751483060471 3.526940107345581 0 8de7cb7c69fb417eada93f4c00c0cb8e
1751483062791 3.279482841491699 1 8de7cb7c69fb417eada93f4c00c0cb8e
1751483063771 3.233720541000366 2 8de7cb7c69fb417eada93f4c00c0cb8e
1751483064823 3.208209753036499 3 8de7cb7c69fb417eada93f4c00c0cb8e
1751483065827 3.2147324085235596 4 8de7cb7c69fb417eada93f4c00c0cb8e
1751483067084 3.212520122528076 5 8de7cb7c69fb417eada93f4c00c0cb8e
1751483068181 3.1738014221191406 6 8de7cb7c69fb417eada93f4c00c0cb8e
1751483069402 3.150923728942871 7 8de7cb7c69fb417eada93f4c00c0cb8e
1751483070533 3.1521449089050293 8 8de7cb7c69fb417eada93f4c00c0cb8e
1751483071815 3.119286060333252 9 8de7cb7c69fb417eada93f4c00c0cb8e
1751483072860 3.1299984455108643 10 8de7cb7c69fb417eada93f4c00c0cb8e
1751483073956 3.120518684387207 11 8de7cb7c69fb417eada93f4c00c0cb8e
1751483075060 3.1095683574676514 12 8de7cb7c69fb417eada93f4c00c0cb8e
1751483076100 3.0978851318359375 13 8de7cb7c69fb417eada93f4c00c0cb8e
1751483077274 3.074942111968994 14 8de7cb7c69fb417eada93f4c00c0cb8e
1751483078479 3.055608034133911 15 8de7cb7c69fb417eada93f4c00c0cb8e
1751483079361 3.0558934211730957 16 8de7cb7c69fb417eada93f4c00c0cb8e
1751483060471 3.526940107345581 0 8de7cb7c69fb417eada93f4c00c0cb8e
