1751481306383 7.049474239349365 0 97a92fa380e244fea11be5c9e925e37d
1751481307044 6.307338714599609 1 97a92fa380e244fea11be5c9e925e37d
1751481307732 5.5716423988342285 2 97a92fa380e244fea11be5c9e925e37d
1751481308413 5.094233989715576 3 97a92fa380e244fea11be5c9e925e37d
1751481309121 4.889761447906494 4 97a92fa380e244fea11be5c9e925e37d
1751481309843 4.683485984802246 5 97a92fa380e244fea11be5c9e925e37d
1751481310533 4.533262729644775 6 97a92fa380e244fea11be5c9e925e37d
1751481311188 4.395298480987549 7 97a92fa380e244fea11be5c9e925e37d
1751481311847 4.325161457061768 8 97a92fa380e244fea11be5c9e925e37d
1751481306383 7.049474239349365 0 97a92fa380e244fea11be5c9e925e37d
