1751481321232 0.1908801645040512 0
1751481321893 0.26299044489860535 1
1751481322613 0.30823612213134766 2
1751481323360 0.34570518136024475 3
1751481324034 0.36938849091529846 4
1751481324694 0.38388124108314514 5
1751481325370 0.4079180061817169 6
1751481326032 0.4224107563495636 7
1751481326715 0.44680097699165344 8
1751481327367 0.4574054479598999 9
1751481328030 0.48709791898727417 10
1751481328708 0.5058324337005615 11
1751481329385 0.5266878604888916 12
1751481330057 0.5401201844215393 13
1751481321232 0.1908801645040512 0
