1751481321232 3.2029926776885986 0
1751481321893 2.8935649394989014 1
1751481322613 2.648425817489624 2
1751481323360 2.4285736083984375 3
1751481324034 2.2947776317596436 4
1751481324694 2.195037841796875 5
1751481325370 2.0629353523254395 6
1751481326032 1.9870656728744507 7
1751481326715 1.8851875066757202 8
1751481327367 1.8112937211990356 9
1751481328030 1.6552618741989136 10
1751481328708 1.5748587846755981 11
1751481329385 1.4871551990509033 12
1751481330057 1.388622760772705 13
1751481321232 3.2029926776885986 0
