1751484112776 0.10997150838375092 0 5ae3610a21014f66904fc4a93b02a521
1751484114009 0.1378917396068573 1 5ae3610a21014f66904fc4a93b02a521
1751484115362 0.15555556118488312 2 5ae3610a21014f66904fc4a93b02a521
1751484117873 0.1606837660074234 3 5ae3610a21014f66904fc4a93b02a521
1751484119220 0.17891737818717957 4 5ae3610a21014f66904fc4a93b02a521
1751484120307 0.18518517911434174 5 5ae3610a21014f66904fc4a93b02a521
1751484121304 0.18974359333515167 6 5ae3610a21014f66904fc4a93b02a521
1751484122443 0.17492876946926117 7 5ae3610a21014f66904fc4a93b02a521
1751484123360 0.17834757268428802 8 5ae3610a21014f66904fc4a93b02a521
1751484124298 0.17606838047504425 9 5ae3610a21014f66904fc4a93b02a521
1751484125060 0.18005697429180145 10 5ae3610a21014f66904fc4a93b02a521
1751484112776 0.10997150838375092 0 5ae3610a21014f66904fc4a93b02a521
