1751484112776 5.474947929382324 0 5ae3610a21014f66904fc4a93b02a521
1751484114009 4.695443153381348 1 5ae3610a21014f66904fc4a93b02a521
1751484115362 4.312524318695068 2 5ae3610a21014f66904fc4a93b02a521
1751484117873 3.9894371032714844 3 5ae3610a21014f66904fc4a93b02a521
1751484119220 3.8337862491607666 4 5ae3610a21014f66904fc4a93b02a521
1751484120307 3.642864465713501 5 5ae3610a21014f66904fc4a93b02a521
1751484121304 3.5752673149108887 6 5ae3610a21014f66904fc4a93b02a521
1751484122443 3.603956699371338 7 5ae3610a21014f66904fc4a93b02a521
1751484123360 3.550891876220703 8 5ae3610a21014f66904fc4a93b02a521
1751484124298 3.514456272125244 9 5ae3610a21014f66904fc4a93b02a521
1751484125060 3.4824485778808594 10 5ae3610a21014f66904fc4a93b02a521
1751484112776 5.474947929382324 0 5ae3610a21014f66904fc4a93b02a521
