1751482857774 0.11282051354646683 0 28734169cdaf47409dd0d44a8258c353
1751482858218 0.16125355660915375 1 28734169cdaf47409dd0d44a8258c353
1751482858684 0.1994301974773407 2 28734169cdaf47409dd0d44a8258c353
1751482859141 0.20854701101779938 3 28734169cdaf47409dd0d44a8258c353
1751482859599 0.22792023420333862 4 28734169cdaf47409dd0d44a8258c353
1751482860070 0.26039886474609375 5 28734169cdaf47409dd0d44a8258c353
1751482860517 0.26438745856285095 6 28734169cdaf47409dd0d44a8258c353
1751482860966 0.2849002778530121 7 28734169cdaf47409dd0d44a8258c353
1751482861620 0.2934472858905792 8 28734169cdaf47409dd0d44a8258c353
1751482862065 0.2985754907131195 9 28734169cdaf47409dd0d44a8258c353
1751482862501 0.2968660891056061 10 28734169cdaf47409dd0d44a8258c353
1751482862963 0.3384615480899811 11 28734169cdaf47409dd0d44a8258c353
1751482863416 0.3242165148258209 12 28734169cdaf47409dd0d44a8258c353
1751482863927 0.33162394165992737 13 28734169cdaf47409dd0d44a8258c353
1751482864381 0.349287748336792 14 28734169cdaf47409dd0d44a8258c353
1751482864830 0.3561253547668457 15 28734169cdaf47409dd0d44a8258c353
1751482865251 0.3441595435142517 16 28734169cdaf47409dd0d44a8258c353
1751482865696 0.3481481373310089 17 28734169cdaf47409dd0d44a8258c353
1751482866153 0.38347578048706055 18 28734169cdaf47409dd0d44a8258c353
1751482866593 0.38347578048706055 19 28734169cdaf47409dd0d44a8258c353
1751482867246 0.3692307770252228 20 28734169cdaf47409dd0d44a8258c353
1751482867703 0.385185182094574 21 28734169cdaf47409dd0d44a8258c353
1751482868155 0.3880341947078705 22 28734169cdaf47409dd0d44a8258c353
1751482868599 0.3891737759113312 23 28734169cdaf47409dd0d44a8258c353
1751482869069 0.3897435963153839 24 28734169cdaf47409dd0d44a8258c353
1751482869524 0.4085470139980316 25 28734169cdaf47409dd0d44a8258c353
1751482869958 0.42222222685813904 26 28734169cdaf47409dd0d44a8258c353
1751482870441 0.41709402203559875 27 28734169cdaf47409dd0d44a8258c353
1751482870885 0.4324786365032196 28 28734169cdaf47409dd0d44a8258c353
1751482871367 0.44273504614830017 29 28734169cdaf47409dd0d44a8258c353
1751482871838 0.426780641078949 30 28734169cdaf47409dd0d44a8258c353
1751482872280 0.4404558539390564 31 28734169cdaf47409dd0d44a8258c353
1751482872734 0.4393162429332733 32 28734169cdaf47409dd0d44a8258c353
1751482873202 0.4535612463951111 33 28734169cdaf47409dd0d44a8258c353
1751482873646 0.4353276491165161 34 28734169cdaf47409dd0d44a8258c353
1751482874142 0.4484330415725708 35 28734169cdaf47409dd0d44a8258c353
1751482874599 0.46267807483673096 36 28734169cdaf47409dd0d44a8258c353
1751482875068 0.46666666865348816 37 28734169cdaf47409dd0d44a8258c353
1751482875529 0.4564102590084076 38 28734169cdaf47409dd0d44a8258c353
1751482875981 0.45299145579338074 39 28734169cdaf47409dd0d44a8258c353
1751482876442 0.46495726704597473 40 28734169cdaf47409dd0d44a8258c353
1751482876865 0.46096867322921753 41 28734169cdaf47409dd0d44a8258c353
1751482877320 0.45868945121765137 42 28734169cdaf47409dd0d44a8258c353
1751482877753 0.4780626893043518 43 28734169cdaf47409dd0d44a8258c353
1751482878190 0.47863247990608215 44 28734169cdaf47409dd0d44a8258c353
1751482878616 0.4911680817604065 45 28734169cdaf47409dd0d44a8258c353
1751482879061 0.47578346729278564 46 28734169cdaf47409dd0d44a8258c353
1751482879526 0.4871794879436493 47 28734169cdaf47409dd0d44a8258c353
1751482879973 0.4991452991962433 48 28734169cdaf47409dd0d44a8258c353
1751482880409 0.4991452991962433 49 28734169cdaf47409dd0d44a8258c353
1751482857774 0.11282051354646683 0 28734169cdaf47409dd0d44a8258c353
