1751483958369 0.15555556118488312 0 79f4cdb0e22243ea9cdbd961d92f5f3b
1751483958785 0.15897436439990997 1 79f4cdb0e22243ea9cdbd961d92f5f3b
1751483959222 0.16353276371955872 2 79f4cdb0e22243ea9cdbd961d92f5f3b
1751483959640 0.15897436439990997 3 79f4cdb0e22243ea9cdbd961d92f5f3b
1751483960021 0.17094017565250397 4 79f4cdb0e22243ea9cdbd961d92f5f3b
1751483960394 0.16923077404499054 5 79f4cdb0e22243ea9cdbd961d92f5f3b
1751483960762 0.17207977175712585 6 79f4cdb0e22243ea9cdbd961d92f5f3b
1751483961144 0.180626779794693 7 79f4cdb0e22243ea9cdbd961d92f5f3b
1751483961592 0.18404558300971985 8 79f4cdb0e22243ea9cdbd961d92f5f3b
1751483961978 0.18632479012012482 9 79f4cdb0e22243ea9cdbd961d92f5f3b
1751483962375 0.18575498461723328 10 79f4cdb0e22243ea9cdbd961d92f5f3b
1751483962750 0.21082621812820435 11 79f4cdb0e22243ea9cdbd961d92f5f3b
1751483963127 0.2182336151599884 12 79f4cdb0e22243ea9cdbd961d92f5f3b
1751483963511 0.2222222238779068 13 79f4cdb0e22243ea9cdbd961d92f5f3b
1751483963884 0.23760683834552765 14 79f4cdb0e22243ea9cdbd961d92f5f3b
1751483964272 0.2381766438484192 15 79f4cdb0e22243ea9cdbd961d92f5f3b
1751483964661 0.2558404505252838 16 79f4cdb0e22243ea9cdbd961d92f5f3b
1751483965053 0.26837608218193054 17 79f4cdb0e22243ea9cdbd961d92f5f3b
1751483965414 0.2689458727836609 18 79f4cdb0e22243ea9cdbd961d92f5f3b
1751483965788 0.29515668749809265 19 79f4cdb0e22243ea9cdbd961d92f5f3b
1751483966164 0.29116809368133545 20 79f4cdb0e22243ea9cdbd961d92f5f3b
1751483966531 0.3037036955356598 21 79f4cdb0e22243ea9cdbd961d92f5f3b
1751483966886 0.30712249875068665 22 79f4cdb0e22243ea9cdbd961d92f5f3b
1751483967283 0.3145299255847931 23 79f4cdb0e22243ea9cdbd961d92f5f3b
1751483967664 0.31680911779403687 24 79f4cdb0e22243ea9cdbd961d92f5f3b
1751483968046 0.3156695067882538 25 79f4cdb0e22243ea9cdbd961d92f5f3b
1751483968438 0.3344729244709015 26 79f4cdb0e22243ea9cdbd961d92f5f3b
1751483968844 0.32592591643333435 27 79f4cdb0e22243ea9cdbd961d92f5f3b
1751483969282 0.3504273593425751 28 79f4cdb0e22243ea9cdbd961d92f5f3b
1751483969683 0.34358975291252136 29 79f4cdb0e22243ea9cdbd961d92f5f3b
1751483958369 0.15555556118488312 0 79f4cdb0e22243ea9cdbd961d92f5f3b
