1751480962707 0.08165429532527924 0 ef521b5eb72b482a8363f746b4f2668b
1751480963120 0.10887239128351212 1 ef521b5eb72b482a8363f746b4f2668b
1751480963583 0.1311417520046234 2 ef521b5eb72b482a8363f746b4f2668b
1751480963991 0.1329091489315033 3 ef521b5eb72b482a8363f746b4f2668b
1751480964370 0.14103923738002777 4 ef521b5eb72b482a8363f746b4f2668b
1751480964775 0.15871332585811615 5 ef521b5eb72b482a8363f746b4f2668b
1751480965442 0.16578295826911926 6 ef521b5eb72b482a8363f746b4f2668b
1751480965864 0.15553198754787445 7 ef521b5eb72b482a8363f746b4f2668b
1751480966280 0.17249912023544312 8 ef521b5eb72b482a8363f746b4f2668b
1751480966688 0.1806291937828064 9 ef521b5eb72b482a8363f746b4f2668b
1751480967072 0.17956875264644623 10 ef521b5eb72b482a8363f746b4f2668b
1751480967473 0.19052669405937195 11 ef521b5eb72b482a8363f746b4f2668b
1751480967887 0.18593142926692963 12 ef521b5eb72b482a8363f746b4f2668b
1751480968291 0.1901732087135315 13 ef521b5eb72b482a8363f746b4f2668b
1751480968711 0.17956875264644623 14 ef521b5eb72b482a8363f746b4f2668b
1751480969119 0.18663838505744934 15 ef521b5eb72b482a8363f746b4f2668b
1751480962707 0.08165429532527924 0 ef521b5eb72b482a8363f746b4f2668b
