1751481208743 0.14139272272586823 0
1751481209322 0.19476847350597382 1
1751481209911 0.222693532705307 2
1751481210503 0.23683279752731323 3
1751481211069 0.2743018865585327 4
1751481211741 0.2746553421020508 5
1751481212322 0.28455284237861633 6
1751481212990 0.309296578168869 7
1751481213594 0.3174266517162323 8
1751481214170 0.3156592547893524 9
1751481214767 0.3244962990283966 10
1751481215344 0.3396960198879242 11
1751481215944 0.3580770492553711 12
1751481216528 0.35348179936408997 13
1751481217122 0.3389890491962433 14
1751481217713 0.37186285853385925 15
1751481218307 0.36938849091529846 16
1751481218935 0.3739837408065796 17
1751481219584 0.36620715260505676 18
1751481220180 0.3771650791168213 19
1751481220746 0.38847649097442627 20
1751481221333 0.3785789906978607 21
1751481221919 0.39802050590515137 22
1751481222517 0.39802050590515137 23
1751481223094 0.40226227045059204 24
1751481223668 0.4096854031085968 25
1751481224236 0.407211035490036 26
1751481208743 0.14139272272586823 0
