1751481208743 5.16475772857666 0
1751481209322 4.154565334320068 1
1751481209911 3.789982795715332 2
1751481210503 3.535398006439209 3
1751481211069 3.3047609329223633 4
1751481211741 3.2012503147125244 5
1751481212322 3.0780928134918213 6
1751481212990 2.9138851165771484 7
1751481213594 2.791132688522339 8
1751481214170 2.816457509994507 9
1751481214767 2.699692726135254 10
1751481215344 2.619133472442627 11
1751481215944 2.5768942832946777 12
1751481216528 2.5308146476745605 13
1751481217122 2.5227158069610596 14
1751481217713 2.4064998626708984 15
1751481218307 2.3925082683563232 16
1751481218935 2.3309595584869385 17
1751481219584 2.3633522987365723 18
1751481220180 2.301253080368042 19
1751481220746 2.2520852088928223 20
1751481221333 2.2497780323028564 21
1751481221919 2.138871908187866 22
1751481222517 2.121223211288452 23
1751481223094 2.088106632232666 24
1751481223668 2.091989040374756 25
1751481224236 2.0721070766448975 26
1751481208743 5.16475772857666 0
