1751484191870 0.15441595017910004 0
1751484194090 0.14814814925193787 1
1751484195199 0.16011396050453186 2
1751484196389 0.17891737818717957 3
1751484197586 0.16923077404499054 4
1751484198787 0.16011396050453186 5
1751484199890 0.17094017565250397 6
1751484200976 0.1766381710767746 7
1751484202137 0.17834757268428802 8
1751484203162 0.1766381710767746 9
1751484204129 0.17720797657966614 10
1751484204897 0.18917378783226013 11
1751484206357 0.18689458072185516 12
1751484207483 0.18290598690509796 13
1751484208229 0.1886039823293686 14
1751484209419 0.19316239655017853 15
1751484210770 0.18917378783226013 16
1751484191870 0.15441595017910004 0
