1751484191870 3.526940107345581 0
1751484194090 3.279482841491699 1
1751484195199 3.233720541000366 2
1751484196389 3.208209753036499 3
1751484197586 3.2147324085235596 4
1751484198787 3.212520122528076 5
1751484199890 3.1738014221191406 6
1751484200976 3.150923728942871 7
1751484202137 3.1521449089050293 8
1751484203162 3.119286060333252 9
1751484204129 3.1299984455108643 10
1751484204897 3.120518684387207 11
1751484206357 3.1095683574676514 12
1751484207483 3.0978851318359375 13
1751484208229 3.074942111968994 14
1751484209419 3.055608034133911 15
1751484210770 3.0558934211730957 16
1751484191870 3.526940107345581 0
