1751470109548 0.13983796536922455 0
1751470109920 0.1775272935628891 1
1751470110210 0.19866150617599487 2
1751470110497 0.2367030680179596 3
1751470110788 0.264177531003952 4
1751470111141 0.280732661485672 5
1751470111475 0.3018668591976166 6
1751470111776 0.3025713264942169 7
1751470112057 0.32440999150276184 8
1751470112336 0.34765762090682983 9
1751470112658 0.3363860547542572 10
1751470112990 0.3409651219844818 11
1751470113339 0.3466009199619293 12
1751470113686 0.359281450510025 13
1751470114035 0.38358578085899353 14
1751470114382 0.377949982881546 15
1751470114696 0.3895737826824188 16
1751470115015 0.39274391531944275 17
1751470115395 0.4096512794494629 18
1751470115690 0.4026065468788147 19
1751470115994 0.4061289131641388 20
1751470116292 0.4036632478237152 21
1751470116605 0.41387811303138733 22
1751470116922 0.40753787755966187 23
1751470117233 0.41951391100883484 24
1751470117595 0.4223318099975586 25
1751470117933 0.4212751090526581 26
1751470109548 0.13983796536922455 0
