1751470109548 2.2559144496917725 0
1751470109920 2.1212754249572754 1
1751470110210 2.014785051345825 2
1751470110497 1.90128755569458 3
1751470110788 1.8042067289352417 4
1751470111141 1.7360202074050903 5
1751470111475 1.6698178052902222 6
1751470111776 1.6160283088684082 7
1751470112057 1.5643584728240967 8
1751470112336 1.5130339860916138 9
1751470112658 1.512662649154663 10
1751470112990 1.4807262420654297 11
1751470113339 1.4534364938735962 12
1751470113686 1.4209970235824585 13
1751470114035 1.3925631046295166 14
1751470114382 1.372261881828308 15
1751470114696 1.3562417030334473 16
1751470115015 1.342136263847351 17
1751470115395 1.318858027458191 18
1751470115690 1.2923039197921753 19
1751470115994 1.3020188808441162 20
1751470116292 1.2810953855514526 21
1751470116605 1.2560824155807495 22
1751470116922 1.2581756114959717 23
1751470117233 1.2343000173568726 24
1751470117595 1.2326650619506836 25
1751470117933 1.234585165977478 26
1751470109548 2.2559144496917725 0
