1751479978705 0.1049840897321701 0
1751479979028 0.13255567848682404 1
1751479979339 0.16012725234031677 2
1751479979642 0.14457406103610992 3
1751479979973 0.17285259068012238 4
1751479980299 0.17073170840740204 5
1751479980645 0.20148462057113647 6
1751479980982 0.2163308560848236 7
1751479981300 0.22021916508674622 8
1751479981619 0.2442559152841568 9
1751479981937 0.22940967977046967 10
1751479982239 0.24566984176635742 11
1751479982595 0.2658182978630066 12
1751479982909 0.27076706290245056 13
1751479983219 0.27324143052101135 14
1751479983538 0.28773418068885803 15
1751479983845 0.28525981307029724 16
1751479984160 0.2958642542362213 17
1751479984483 0.32096147537231445 18
1751479984761 0.3156592547893524 19
1751479985087 0.3301520049571991 20
1751479985412 0.31778013706207275 21
1751479985752 0.32343584299087524 22
1751479986068 0.34641215205192566 23
1751479986406 0.3252032399177551 24
1751479986731 0.35206785798072815 25
1751479987063 0.34641215205192566 26
1751479987395 0.3506539463996887 27
1751479987730 0.3651466965675354 28
1751479988058 0.3732767701148987 29
1751479988385 0.3541887700557709 30
1751479988739 0.3746907114982605 31
1751479989062 0.3761046230792999 32
1751479989390 0.39483916759490967 33
1751479989731 0.3930717706680298 34
1751479990071 0.38458818197250366 35
1751479990376 0.38317427039146423 36
1751479990709 0.37893247604370117 37
1751479991024 0.4065040647983551 38
1751479978705 0.1049840897321701 0
