1751468617084 0.22895385324954987 0
1751468617988 0.31243395805358887 1
1751468618842 0.3631560504436493 2
1751468619679 0.38781261444091797 3
1751468620557 0.3930961489677429 4
1751468621386 0.41352587938308716 5
1751468622256 0.4237407445907593 6
1751468623085 0.42867207527160645 7
1751468623909 0.45297640562057495 8
1751468625331 0.44381824135780334 9
1751468626186 0.46213454008102417 10
1751468626995 0.4748150706291199 11
1751468627820 0.47411060333251953 12
1751468628642 0.4811553359031677 13
1751468629433 0.4779852032661438 14
1751468630214 0.4896090030670166 15
1751468631016 0.4952448010444641 16
1751468631858 0.5061641335487366 17
1751468632759 0.5135611295700073 18
1751468633746 0.5022895336151123 19
1751468634686 0.5135611295700073 20
1751468635618 0.514970064163208 21
1751468636472 0.5195491313934326 22
1751468637461 0.5343430638313293 23
1751468638230 0.5378654599189758 24
1751468617084 0.22895385324954987 0
