1751468617084 2.0253536701202393 0 c459e650dd45417e88bab8515724f44b
1751468617988 1.8136749267578125 1 c459e650dd45417e88bab8515724f44b
1751468618842 1.6282885074615479 2 c459e650dd45417e88bab8515724f44b
1751468619679 1.5202338695526123 3 c459e650dd45417e88bab8515724f44b
1751468620557 1.463753342628479 4 c459e650dd45417e88bab8515724f44b
1751468621386 1.4222103357315063 5 c459e650dd45417e88bab8515724f44b
1751468622256 1.3892179727554321 6 c459e650dd45417e88bab8515724f44b
1751468623085 1.3626585006713867 7 c459e650dd45417e88bab8515724f44b
1751468623909 1.3294321298599243 8 c459e650dd45417e88bab8515724f44b
1751468625331 1.3190423250198364 9 c459e650dd45417e88bab8515724f44b
1751468626186 1.2976021766662598 10 c459e650dd45417e88bab8515724f44b
1751468626995 1.2815896272659302 11 c459e650dd45417e88bab8515724f44b
1751468627820 1.266517162322998 12 c459e650dd45417e88bab8515724f44b
1751468628642 1.2536141872406006 13 c459e650dd45417e88bab8515724f44b
1751468629433 1.250281572341919 14 c459e650dd45417e88bab8515724f44b
1751468630214 1.2303005456924438 15 c459e650dd45417e88bab8515724f44b
1751468631016 1.218613624572754 16 c459e650dd45417e88bab8515724f44b
1751468631858 1.2082730531692505 17 c459e650dd45417e88bab8515724f44b
1751468632759 1.1846600770950317 18 c459e650dd45417e88bab8515724f44b
1751468633746 1.1922502517700195 19 c459e650dd45417e88bab8515724f44b
1751468634686 1.170196533203125 20 c459e650dd45417e88bab8515724f44b
1751468635618 1.1591497659683228 21 c459e650dd45417e88bab8515724f44b
1751468636472 1.163210153579712 22 c459e650dd45417e88bab8515724f44b
1751468637461 1.1272251605987549 23 c459e650dd45417e88bab8515724f44b
1751468638230 1.1419103145599365 24 c459e650dd45417e88bab8515724f44b
1751468617084 2.0253536701202393 0 c459e650dd45417e88bab8515724f44b
