1751469908603 0.09616062045097351 0
1751469908890 0.10179640352725983 1
1751469909196 0.10567101091146469 2
1751469909521 0.12081719189882278 3
1751469909902 0.12398731708526611 4
1751469910264 0.13772454857826233 5
1751469910622 0.1380767822265625 6
1751469910947 0.13666784763336182 7
1751469911347 0.14195139706134796 8
1751469911702 0.14653046429157257 9
1751469912077 0.1588587462902069 10
1751469912451 0.14899612963199615 11
1751469912846 0.1588587462902069 12
1751469913266 0.1553363800048828 13
1751469913630 0.15181401371955872 14
1751469913994 0.16202887892723083 15
1751469914345 0.16273336112499237 16
1751469914706 0.16872137784957886 17
1751469915065 0.1542796790599823 18
1751469915445 0.17259597778320312 19
1751469915838 0.17541387677192688 20
1751469916206 0.15956322848796844 21
1751469916568 0.17893624305725098 22
1751469916912 0.1750616431236267 23
1751469917261 0.17435716092586517 24
1751469917626 0.17224374413490295 25
1751469917992 0.18985557556152344 26
1751469918369 0.18069742619991302 27
1751469918777 0.18950334191322327 28
1751469919198 0.18774215877056122 29
1751469919587 0.1845720261335373 30
1751469919973 0.19549137353897095 31
1751469920402 0.18950334191322327 32
1751469920779 0.19232124090194702 33
1751469921175 0.19232124090194702 34
1751469921566 0.197252556681633 35
1751469921942 0.20570623874664307 36
1751469922355 0.2028883397579193 37
1751469922746 0.20042268931865692 38
1751469923138 0.208876371383667 39
1751469923519 0.19971820712089539 40
1751469923933 0.2250792533159256 41
1751469924284 0.20852412283420563 42
1751469924657 0.22648820281028748 43
1751469925024 0.22226135432720184 44
1751469925401 0.22719267010688782 45
1751469925769 0.22895385324954987 46
1751469926157 0.2064107060432434 47
1751469926552 0.22437478601932526 48
1751469926982 0.22437478601932526 49
1751469908603 0.09616062045097351 0
