1751469908603 3.1597676277160645 0
1751469908890 3.013674020767212 1
1751469909196 2.873563289642334 2
1751469909521 2.8515923023223877 3
1751469909902 2.7748043537139893 4
1751469910264 2.6992523670196533 5
1751469910622 2.6586546897888184 6
1751469910947 2.6287076473236084 7
1751469911347 2.57732892036438 8
1751469911702 2.539755344390869 9
1751469912077 2.530857563018799 10
1751469912451 2.5174553394317627 11
1751469912846 2.4687039852142334 12
1751469913266 2.4749460220336914 13
1751469913630 2.4848105907440186 14
1751469913994 2.4345476627349854 15
1751469914345 2.3951661586761475 16
1751469914706 2.4143967628479004 17
1751469915065 2.3996055126190186 18
1751469915445 2.396768808364868 19
1751469915838 2.3446614742279053 20
1751469916206 2.4263715744018555 21
1751469916568 2.3524742126464844 22
1751469916912 2.358638286590576 23
1751469917261 2.3240113258361816 24
1751469917626 2.2863097190856934 25
1751469917992 2.289968729019165 26
1751469918369 2.2683725357055664 27
1751469918777 2.255784749984741 28
1751469919198 2.316967725753784 29
1751469919587 2.2386438846588135 30
1751469919973 2.2133731842041016 31
1751469920402 2.2366771697998047 32
1751469920779 2.234848737716675 33
1751469921175 2.177427291870117 34
1751469921566 2.175522565841675 35
1751469921942 2.1933727264404297 36
1751469922355 2.1994686126708984 37
1751469922746 2.1740877628326416 38
1751469923138 2.141773223876953 39
1751469923519 2.1840853691101074 40
1751469923933 2.146596670150757 41
1751469924284 2.1233527660369873 42
1751469924657 2.1116340160369873 43
1751469925024 2.128138542175293 44
1751469925401 2.086243152618408 45
1751469925769 2.104408025741577 46
1751469926157 2.096116542816162 47
1751469926552 2.0943145751953125 48
1751469926982 2.09330677986145 49
1751469908603 3.1597676277160645 0
