1751481250101 0.1488158404827118 0 b049c3dbed49411abcbbe655c7cee06e
1751481250696 0.1965358853340149 1 b049c3dbed49411abcbbe655c7cee06e
1751481251336 0.22304701805114746 2 b049c3dbed49411abcbbe655c7cee06e
1751481251899 0.23753976821899414 3 b049c3dbed49411abcbbe655c7cee06e
1751481252498 0.2559208273887634 4 b049c3dbed49411abcbbe655c7cee06e
1751481253050 0.27006009221076965 5 b049c3dbed49411abcbbe655c7cee06e
1751481253646 0.28844115138053894 6 b049c3dbed49411abcbbe655c7cee06e
1751481254231 0.3100035488605499 7 b049c3dbed49411abcbbe655c7cee06e
1751481254835 0.32414281368255615 8 b049c3dbed49411abcbbe655c7cee06e
1751481255409 0.33545422554016113 9 b049c3dbed49411abcbbe655c7cee06e
1751481255985 0.34641215205192566 10 b049c3dbed49411abcbbe655c7cee06e
1751481256597 0.3739837408065796 11 b049c3dbed49411abcbbe655c7cee06e
1751481257171 0.38069990277290344 12 b049c3dbed49411abcbbe655c7cee06e
1751481257752 0.36620715260505676 13 b049c3dbed49411abcbbe655c7cee06e
1751481258339 0.38069990277290344 14 b049c3dbed49411abcbbe655c7cee06e
1751481258900 0.3944856822490692 15 b049c3dbed49411abcbbe655c7cee06e
1751481259470 0.40296924114227295 16 b049c3dbed49411abcbbe655c7cee06e
1751481260095 0.3891834616661072 17 b049c3dbed49411abcbbe655c7cee06e
1751481260684 0.4114528000354767 18 b049c3dbed49411abcbbe655c7cee06e
1751481261272 0.41003888845443726 19 b049c3dbed49411abcbbe655c7cee06e
1751481261836 0.41958290338516235 20 b049c3dbed49411abcbbe655c7cee06e
1751481262381 0.4270060062408447 21 b049c3dbed49411abcbbe655c7cee06e
1751481262966 0.4294803738594055 22 b049c3dbed49411abcbbe655c7cee06e
1751481263570 0.4397313594818115 23 b049c3dbed49411abcbbe655c7cee06e
1751481264157 0.4485684037208557 24 b049c3dbed49411abcbbe655c7cee06e
1751481264767 0.4485684037208557 25 b049c3dbed49411abcbbe655c7cee06e
1751481265385 0.44043833017349243 26 b049c3dbed49411abcbbe655c7cee06e
1751481250101 0.1488158404827118 0 b049c3dbed49411abcbbe655c7cee06e
