1751482791373 5.343471050262451 0 27bae117e3ec4b92b29106c08305870b
1751482791845 4.963128089904785 1 27bae117e3ec4b92b29106c08305870b
1751482792333 4.657336711883545 2 27bae117e3ec4b92b29106c08305870b
1751482792838 4.469209671020508 3 27bae117e3ec4b92b29106c08305870b
1751482793378 4.197666168212891 4 27bae117e3ec4b92b29106c08305870b
1751482793817 4.09107780456543 5 27bae117e3ec4b92b29106c08305870b
1751482794256 3.9735517501831055 6 27bae117e3ec4b92b29106c08305870b
1751482794717 3.9339091777801514 7 27bae117e3ec4b92b29106c08305870b
1751482795147 3.7246437072753906 8 27bae117e3ec4b92b29106c08305870b
1751482795591 3.7526063919067383 9 27bae117e3ec4b92b29106c08305870b
1751482796058 3.614344358444214 10 27bae117e3ec4b92b29106c08305870b
1751482796534 3.5759146213531494 11 27bae117e3ec4b92b29106c08305870b
1751482797010 3.4999852180480957 12 27bae117e3ec4b92b29106c08305870b
1751482797482 3.5114216804504395 13 27bae117e3ec4b92b29106c08305870b
1751482797970 3.336312770843506 14 27bae117e3ec4b92b29106c08305870b
1751482798467 3.368009567260742 15 27bae117e3ec4b92b29106c08305870b
1751482798911 3.2143592834472656 16 27bae117e3ec4b92b29106c08305870b
1751482799400 3.176988363265991 17 27bae117e3ec4b92b29106c08305870b
1751482799868 3.213451623916626 18 27bae117e3ec4b92b29106c08305870b
1751482800341 3.250298261642456 19 27bae117e3ec4b92b29106c08305870b
1751482800795 3.1503701210021973 20 27bae117e3ec4b92b29106c08305870b
1751482801263 3.0570523738861084 21 27bae117e3ec4b92b29106c08305870b
1751482801742 3.0414204597473145 22 27bae117e3ec4b92b29106c08305870b
1751482802186 2.966641664505005 23 27bae117e3ec4b92b29106c08305870b
1751482802654 2.978440046310425 24 27bae117e3ec4b92b29106c08305870b
1751482803115 2.94189715385437 25 27bae117e3ec4b92b29106c08305870b
1751482803557 2.9167792797088623 26 27bae117e3ec4b92b29106c08305870b
1751482804017 2.8207848072052 27 27bae117e3ec4b92b29106c08305870b
1751482804485 2.831486940383911 28 27bae117e3ec4b92b29106c08305870b
1751482804969 2.824988842010498 29 27bae117e3ec4b92b29106c08305870b
1751482805507 2.7890968322753906 30 27bae117e3ec4b92b29106c08305870b
1751482805995 2.735234260559082 31 27bae117e3ec4b92b29106c08305870b
1751482806455 2.6940975189208984 32 27bae117e3ec4b92b29106c08305870b
1751482806934 2.662763833999634 33 27bae117e3ec4b92b29106c08305870b
1751482807429 2.6670172214508057 34 27bae117e3ec4b92b29106c08305870b
1751482807947 2.726591110229492 35 27bae117e3ec4b92b29106c08305870b
1751482808446 2.6542882919311523 36 27bae117e3ec4b92b29106c08305870b
1751482808935 2.595379590988159 37 27bae117e3ec4b92b29106c08305870b
1751482809413 2.5201077461242676 38 27bae117e3ec4b92b29106c08305870b
1751482809876 2.4607720375061035 39 27bae117e3ec4b92b29106c08305870b
1751482810323 2.5218558311462402 40 27bae117e3ec4b92b29106c08305870b
1751482810770 2.507758140563965 41 27bae117e3ec4b92b29106c08305870b
1751482811226 2.4515702724456787 42 27bae117e3ec4b92b29106c08305870b
1751482811694 2.50251841545105 43 27bae117e3ec4b92b29106c08305870b
1751482812203 2.451110363006592 44 27bae117e3ec4b92b29106c08305870b
1751482812675 2.379148483276367 45 27bae117e3ec4b92b29106c08305870b
1751482813136 2.3849594593048096 46 27bae117e3ec4b92b29106c08305870b
1751482813632 2.3296544551849365 47 27bae117e3ec4b92b29106c08305870b
1751482814127 2.3917298316955566 48 27bae117e3ec4b92b29106c08305870b
1751482814585 2.285545825958252 49 27bae117e3ec4b92b29106c08305870b
1751482791373 5.343471050262451 0 27bae117e3ec4b92b29106c08305870b
