1751481741182 0.16083422303199768 0
1751481741687 0.2601625919342041 1
1751481742269 0.3174266517162323 2
1751481742792 0.3382820785045624 3
1751481743296 0.3633792996406555 4
1751481743833 0.38529515266418457 5
1751481744354 0.40438318252563477 6
1751481744862 0.4114528000354767 7
1751481745380 0.4079180061817169 8
1751481745930 0.42523860931396484 9
1751481746509 0.4432661831378937 10
1751481747043 0.4510427713394165 11
1751481747560 0.4612937569618225 12
1751481748094 0.45881935954093933 13
1751481748632 0.46977731585502625 14
1751481749207 0.4718981981277466 15
1751481749736 0.4955814778804779 16
1751481750244 0.4931071102619171 17
1751481750748 0.4969954192638397 18
1751481751248 0.5008836984634399 19
1751481751778 0.510074257850647 20
1751481752260 0.5189113020896912 21
1751481752845 0.5160834193229675 22
1751481753373 0.5189113020896912 23
1751481753906 0.5302227139472961 24
1751481754422 0.5326970815658569 25
1751481754920 0.5397667288780212 26
1751481755431 0.5376458168029785 27
1751481755937 0.5482502579689026 28
1751481741182 0.16083422303199768 0
