1751481741182 4.550676345825195 0
1751481741687 3.3599367141723633 1
1751481742269 2.9055726528167725 2
1751481742792 2.6606104373931885 3
1751481743296 2.485483169555664 4
1751481743833 2.363008975982666 5
1751481744354 2.2518177032470703 6
1751481744862 2.1857757568359375 7
1751481745380 2.143156051635742 8
1751481745930 2.074148654937744 9
1751481746509 2.00173282623291 10
1751481747043 1.9526365995407104 11
1751481747560 1.9109097719192505 12
1751481748094 1.8785556554794312 13
1751481748632 1.783216118812561 14
1751481749207 1.79482102394104 15
1751481749736 1.7110885381698608 16
1751481750244 1.703987956047058 17
1751481750748 1.6946017742156982 18
1751481751248 1.6448642015457153 19
1751481751778 1.636013388633728 20
1751481752260 1.56440269947052 21
1751481752845 1.5594489574432373 22
1751481753373 1.5314674377441406 23
1751481753906 1.5300984382629395 24
1751481754422 1.484500765800476 25
1751481754920 1.4431060552597046 26
1751481755431 1.4357125759124756 27
1751481755937 1.4105414152145386 28
1751481741182 4.550676345825195 0
