1751481021322 5.3343987464904785 0 15647894ff44411abd00af4e584dd901
1751481021771 5.038548469543457 1 15647894ff44411abd00af4e584dd901
1751481022168 4.677699089050293 2 15647894ff44411abd00af4e584dd901
1751481022590 4.536412715911865 3 15647894ff44411abd00af4e584dd901
1751481022981 4.3091535568237305 4 15647894ff44411abd00af4e584dd901
1751481023399 4.146951675415039 5 15647894ff44411abd00af4e584dd901
1751481023835 4.072422504425049 6 15647894ff44411abd00af4e584dd901
1751481024221 3.975839376449585 7 15647894ff44411abd00af4e584dd901
1751481024613 3.818480968475342 8 15647894ff44411abd00af4e584dd901
1751481025025 3.8079750537872314 9 15647894ff44411abd00af4e584dd901
1751481025435 3.7176170349121094 10 15647894ff44411abd00af4e584dd901
1751481025865 3.6108832359313965 11 15647894ff44411abd00af4e584dd901
1751481026295 3.598433017730713 12 15647894ff44411abd00af4e584dd901
1751481026709 3.5508029460906982 13 15647894ff44411abd00af4e584dd901
1751481027143 3.5886034965515137 14 15647894ff44411abd00af4e584dd901
1751481027567 3.525937795639038 15 15647894ff44411abd00af4e584dd901
1751481021322 5.3343987464904785 0 15647894ff44411abd00af4e584dd901
