1751483991737 0.11851851642131805 0 56ae70480365430da844a10517f25654
1751483992151 0.17492876946926117 1 56ae70480365430da844a10517f25654
1751483992600 0.21367521584033966 2 56ae70480365430da844a10517f25654
1751483993025 0.19658119976520538 3 56ae70480365430da844a10517f25654
1751483993435 0.2210826277732849 4 56ae70480365430da844a10517f25654
1751483993872 0.24444444477558136 5 56ae70480365430da844a10517f25654
1751483994295 0.25242164731025696 6 56ae70480365430da844a10517f25654
1751483994734 0.24786324799060822 7 56ae70480365430da844a10517f25654
1751483995148 0.2569800615310669 8 56ae70480365430da844a10517f25654
1751483995611 0.28433048725128174 9 56ae70480365430da844a10517f25654
1751483996030 0.27236467599868774 10 56ae70480365430da844a10517f25654
1751483996461 0.3065527081489563 11 56ae70480365430da844a10517f25654
1751483996863 0.2945868968963623 12 56ae70480365430da844a10517f25654
1751483997267 0.29515668749809265 13 56ae70480365430da844a10517f25654
1751483997678 0.30712249875068665 14 56ae70480365430da844a10517f25654
1751483998124 0.325356125831604 15 56ae70480365430da844a10517f25654
1751483998558 0.32079771161079407 16 56ae70480365430da844a10517f25654
1751483998975 0.32991454005241394 17 56ae70480365430da844a10517f25654
1751483999377 0.33675214648246765 18 56ae70480365430da844a10517f25654
1751483999791 0.33561253547668457 19 56ae70480365430da844a10517f25654
1751484000207 0.3549857437610626 20 56ae70480365430da844a10517f25654
1751484000666 0.34074074029922485 21 56ae70480365430da844a10517f25654
1751484001162 0.34871795773506165 22 56ae70480365430da844a10517f25654
1751484001586 0.3464387357234955 23 56ae70480365430da844a10517f25654
1751484001999 0.37037035822868347 24 56ae70480365430da844a10517f25654
1751483991737 0.11851851642131805 0 56ae70480365430da844a10517f25654
