1751482925368 3.433582305908203 0 86a6d00a44de484c8519a0e6bb591ca3
1751482925726 3.2250523567199707 1 86a6d00a44de484c8519a0e6bb591ca3
1751482926088 3.1491377353668213 2 86a6d00a44de484c8519a0e6bb591ca3
1751482926447 3.0712127685546875 3 86a6d00a44de484c8519a0e6bb591ca3
1751482926796 2.8682003021240234 4 86a6d00a44de484c8519a0e6bb591ca3
1751482927154 2.6076624393463135 5 86a6d00a44de484c8519a0e6bb591ca3
1751482927521 2.396620512008667 6 86a6d00a44de484c8519a0e6bb591ca3
1751482927888 2.184969663619995 7 86a6d00a44de484c8519a0e6bb591ca3
1751482928257 2.094326972961426 8 86a6d00a44de484c8519a0e6bb591ca3
1751482928625 1.9997472763061523 9 86a6d00a44de484c8519a0e6bb591ca3
1751482928998 1.9077835083007812 10 86a6d00a44de484c8519a0e6bb591ca3
1751482929355 1.8550087213516235 11 86a6d00a44de484c8519a0e6bb591ca3
1751482929728 1.7956092357635498 12 86a6d00a44de484c8519a0e6bb591ca3
1751482930090 1.7229804992675781 13 86a6d00a44de484c8519a0e6bb591ca3
1751482930479 1.599901795387268 14 86a6d00a44de484c8519a0e6bb591ca3
1751482930840 1.5249570608139038 15 86a6d00a44de484c8519a0e6bb591ca3
1751482925368 3.433582305908203 0 86a6d00a44de484c8519a0e6bb591ca3
