1751484138429 0.15498575568199158 0 c0d28d4a66ef4885a62ece1898e06b34
1751484139678 0.16011396050453186 1 c0d28d4a66ef4885a62ece1898e06b34
1751484141032 0.16410256922245026 2 c0d28d4a66ef4885a62ece1898e06b34
1751484142323 0.16011396050453186 3 c0d28d4a66ef4885a62ece1898e06b34
1751484143575 0.16524216532707214 4 c0d28d4a66ef4885a62ece1898e06b34
1751484144914 0.168660968542099 5 c0d28d4a66ef4885a62ece1898e06b34
1751484146336 0.16239316761493683 6 c0d28d4a66ef4885a62ece1898e06b34
1751484148924 0.1675213724374771 7 c0d28d4a66ef4885a62ece1898e06b34
1751484150207 0.16923077404499054 8 c0d28d4a66ef4885a62ece1898e06b34
1751484151575 0.16581197082996368 9 c0d28d4a66ef4885a62ece1898e06b34
1751484153000 0.16923077404499054 10 c0d28d4a66ef4885a62ece1898e06b34
1751484154219 0.1766381710767746 11 c0d28d4a66ef4885a62ece1898e06b34
1751484155478 0.1698005646467209 12 c0d28d4a66ef4885a62ece1898e06b34
1751484156784 0.1726495772600174 13 c0d28d4a66ef4885a62ece1898e06b34
1751484158267 0.17891737818717957 14 c0d28d4a66ef4885a62ece1898e06b34
1751484160756 0.17891737818717957 15 c0d28d4a66ef4885a62ece1898e06b34
1751484161705 0.1834757775068283 16 c0d28d4a66ef4885a62ece1898e06b34
1751484162930 0.18290598690509796 17 c0d28d4a66ef4885a62ece1898e06b34
1751484164263 0.19202278554439545 18 c0d28d4a66ef4885a62ece1898e06b34
1751484166736 0.18632479012012482 19 c0d28d4a66ef4885a62ece1898e06b34
1751484168055 0.1954415887594223 20 c0d28d4a66ef4885a62ece1898e06b34
1751484169238 0.19316239655017853 21 c0d28d4a66ef4885a62ece1898e06b34
1751484170338 0.19715099036693573 22 c0d28d4a66ef4885a62ece1898e06b34
1751484171580 0.2034188061952591 23 c0d28d4a66ef4885a62ece1898e06b34
1751484172752 0.1994301974773407 24 c0d28d4a66ef4885a62ece1898e06b34
1751484174000 0.2102564126253128 25 c0d28d4a66ef4885a62ece1898e06b34
1751484175399 0.19658119976520538 26 c0d28d4a66ef4885a62ece1898e06b34
1751484176442 0.2142450213432312 27 c0d28d4a66ef4885a62ece1898e06b34
1751484177468 0.2182336151599884 28 c0d28d4a66ef4885a62ece1898e06b34
1751484178560 0.21994301676750183 29 c0d28d4a66ef4885a62ece1898e06b34
1751484138429 0.15498575568199158 0 c0d28d4a66ef4885a62ece1898e06b34
