1751483023010 0.10997150838375092 0 88cf188b6f334406a09c1e4cd6e4cf83
1751483023349 0.1378917396068573 1 88cf188b6f334406a09c1e4cd6e4cf83
1751483023729 0.15555556118488312 2 88cf188b6f334406a09c1e4cd6e4cf83
1751483024093 0.1606837660074234 3 88cf188b6f334406a09c1e4cd6e4cf83
1751483024465 0.17891737818717957 4 88cf188b6f334406a09c1e4cd6e4cf83
1751483024843 0.18518517911434174 5 88cf188b6f334406a09c1e4cd6e4cf83
1751483025220 0.18974359333515167 6 88cf188b6f334406a09c1e4cd6e4cf83
1751483025597 0.17492876946926117 7 88cf188b6f334406a09c1e4cd6e4cf83
1751483025981 0.17834757268428802 8 88cf188b6f334406a09c1e4cd6e4cf83
1751483026357 0.17606838047504425 9 88cf188b6f334406a09c1e4cd6e4cf83
1751483026725 0.18005697429180145 10 88cf188b6f334406a09c1e4cd6e4cf83
1751483023010 0.10997150838375092 0 88cf188b6f334406a09c1e4cd6e4cf83
