1751483023010 5.474947929382324 0 88cf188b6f334406a09c1e4cd6e4cf83
1751483023349 4.695443153381348 1 88cf188b6f334406a09c1e4cd6e4cf83
1751483023729 4.312524318695068 2 88cf188b6f334406a09c1e4cd6e4cf83
1751483024093 3.9894371032714844 3 88cf188b6f334406a09c1e4cd6e4cf83
1751483024465 3.8337862491607666 4 88cf188b6f334406a09c1e4cd6e4cf83
1751483024843 3.642864465713501 5 88cf188b6f334406a09c1e4cd6e4cf83
1751483025220 3.5752673149108887 6 88cf188b6f334406a09c1e4cd6e4cf83
1751483025597 3.603956699371338 7 88cf188b6f334406a09c1e4cd6e4cf83
1751483025981 3.550891876220703 8 88cf188b6f334406a09c1e4cd6e4cf83
1751483026357 3.514456272125244 9 88cf188b6f334406a09c1e4cd6e4cf83
1751483026725 3.4824485778808594 10 88cf188b6f334406a09c1e4cd6e4cf83
1751483023010 5.474947929382324 0 88cf188b6f334406a09c1e4cd6e4cf83
