1751484255490 0.10826210677623749 0 dc4737d34dbf4ac19b61dc48480009fe
1751484255934 0.2102564126253128 1 dc4737d34dbf4ac19b61dc48480009fe
1751484256336 0.2786324918270111 2 dc4737d34dbf4ac19b61dc48480009fe
1751484256710 0.31111112236976624 3 dc4737d34dbf4ac19b61dc48480009fe
1751484257051 0.34074074029922485 4 dc4737d34dbf4ac19b61dc48480009fe
1751484257401 0.34188035130500793 5 dc4737d34dbf4ac19b61dc48480009fe
1751484257828 0.3589743673801422 6 dc4737d34dbf4ac19b61dc48480009fe
1751484258222 0.38860398530960083 7 dc4737d34dbf4ac19b61dc48480009fe
1751484258590 0.39145299792289734 8 dc4737d34dbf4ac19b61dc48480009fe
1751484258972 0.3908831775188446 9 dc4737d34dbf4ac19b61dc48480009fe
1751484259346 0.4205128252506256 10 dc4737d34dbf4ac19b61dc48480009fe
1751484259728 0.43190884590148926 11 dc4737d34dbf4ac19b61dc48480009fe
1751484260082 0.4592592716217041 12 dc4737d34dbf4ac19b61dc48480009fe
1751484260454 0.47065526247024536 13 dc4737d34dbf4ac19b61dc48480009fe
1751484260804 0.482051283121109 14 dc4737d34dbf4ac19b61dc48480009fe
1751484261167 0.4809116721153259 15 dc4737d34dbf4ac19b61dc48480009fe
1751484261543 0.5014244914054871 16 dc4737d34dbf4ac19b61dc48480009fe
1751484261913 0.5008547306060791 17 dc4737d34dbf4ac19b61dc48480009fe
1751484262287 0.5105413198471069 18 dc4737d34dbf4ac19b61dc48480009fe
1751484262694 0.5105413198471069 19 dc4737d34dbf4ac19b61dc48480009fe
1751484263077 0.5048432946205139 20 dc4737d34dbf4ac19b61dc48480009fe
1751484263446 0.5299145579338074 21 dc4737d34dbf4ac19b61dc48480009fe
1751484263789 0.5207977294921875 22 dc4737d34dbf4ac19b61dc48480009fe
1751484255490 0.10826210677623749 0 dc4737d34dbf4ac19b61dc48480009fe
