1751482902495 0.10883191227912903 0
1751482902914 0.18974359333515167 1
1751482903355 0.19772079586982727 2
1751482904020 0.22564102709293365 3
1751482904513 0.2461538463830948 4
1751482905103 0.24444444477558136 5
1751482905553 0.2717948853969574 6
1751482905995 0.2849002778530121 7
1751482906428 0.30028489232063293 8
1751482906863 0.31908831000328064 9
1751482907313 0.31794872879981995 10
1751482907766 0.337321937084198 11
1751482908219 0.36239317059516907 12
1751482908647 0.3652421534061432 13
1751482909078 0.3709401786327362 14
1751482909526 0.39316239953041077 15
1751482909960 0.40740740299224854 16
1751482910380 0.40113958716392517 17
1751482910792 0.4205128252506256 18
1751482911233 0.4227920174598694 19
1751482911664 0.43190884590148926 20
1751482912126 0.43304842710494995 21
1751482912580 0.4455840587615967 22
1751482913013 0.4467236399650574 23
1751482913465 0.46267807483673096 24
1751482913908 0.4541310667991638 25
1751482914338 0.45299145579338074 26
1751482914771 0.4763532876968384 27
1751482915221 0.46951568126678467 28
1751482915677 0.47578346729278564 29
1751482916154 0.4769230782985687 30
1751482916615 0.4888888895511627 31
1751482902495 0.10883191227912903 0
