1751482902495 5.519986629486084 0
1751482902914 3.919647455215454 1
1751482903355 3.5629069805145264 2
1751482904020 3.3044486045837402 3
1751482904513 3.2054030895233154 4
1751482905103 3.1417367458343506 5
1751482905553 3.0668275356292725 6
1751482905995 2.921743392944336 7
1751482906428 2.8746674060821533 8
1751482906863 2.8056986331939697 9
1751482907313 2.6778440475463867 10
1751482907766 2.596640110015869 11
1751482908219 2.5178067684173584 12
1751482908647 2.463305950164795 13
1751482909078 2.4078874588012695 14
1751482909526 2.290248394012451 15
1751482909960 2.2171099185943604 16
1751482910380 2.1948397159576416 17
1751482910792 2.1050169467926025 18
1751482911233 2.030315399169922 19
1751482911664 2.0120127201080322 20
1751482912126 1.9743152856826782 21
1751482912580 1.9178571701049805 22
1751482913013 1.9517868757247925 23
1751482913465 1.8226922750473022 24
1751482913908 1.8093358278274536 25
1751482914338 1.7716526985168457 26
1751482914771 1.6809132099151611 27
1751482915221 1.7157855033874512 28
1751482915677 1.6646496057510376 29
1751482916154 1.7029601335525513 30
1751482916615 1.6137778759002686 31
1751482902495 5.519986629486084 0
