1751482925368 0.14928774535655975 0
1751482925726 0.1646723598241806 1
1751482926088 0.1726495772600174 2
1751482926447 0.19430199265480042 3
1751482926796 0.26552706956863403 4
1751482927154 0.3116809129714966 5
1751482927521 0.3521367609500885 6
1751482927888 0.3840455710887909 7
1751482928257 0.39145299792289734 8
1751482928625 0.404558390378952 9
1751482928998 0.4159544110298157 10
1751482929355 0.4307692348957062 11
1751482929728 0.44387465715408325 12
1751482930090 0.45071226358413696 13
1751482930479 0.4603988528251648 14
1751482930840 0.47350427508354187 15
1751482925368 0.14928774535655975 0
