1751481683466 0.1622481495141983 0 66afc5bf1fb24592a1d1d8cda035b544
1751481683916 0.17285259068012238 1 66afc5bf1fb24592a1d1d8cda035b544
1751481684355 0.1742665320634842 2 66afc5bf1fb24592a1d1d8cda035b544
1751481684780 0.17638741433620453 3 66afc5bf1fb24592a1d1d8cda035b544
1751481685244 0.18345704674720764 4 66afc5bf1fb24592a1d1d8cda035b544
1751481685693 0.17462000250816345 5 66afc5bf1fb24592a1d1d8cda035b544
1751481686111 0.17956875264644623 6 66afc5bf1fb24592a1d1d8cda035b544
1751481686553 0.18310357630252838 7 66afc5bf1fb24592a1d1d8cda035b544
1751481686959 0.18168964982032776 8 66afc5bf1fb24592a1d1d8cda035b544
1751481687403 0.1862848997116089 9 66afc5bf1fb24592a1d1d8cda035b544
1751481687883 0.19264757633209229 10 66afc5bf1fb24592a1d1d8cda035b544
1751481688312 0.18557794392108917 11 66afc5bf1fb24592a1d1d8cda035b544
1751481688740 0.1862848997116089 12 66afc5bf1fb24592a1d1d8cda035b544
1751481689184 0.19123364984989166 13 66afc5bf1fb24592a1d1d8cda035b544
1751481689605 0.19759632647037506 14 66afc5bf1fb24592a1d1d8cda035b544
1751481690090 0.20077766478061676 15 66afc5bf1fb24592a1d1d8cda035b544
1751481690560 0.1997172087430954 16 66afc5bf1fb24592a1d1d8cda035b544
1751481691000 0.21138212084770203 17 66afc5bf1fb24592a1d1d8cda035b544
1751481683466 0.1622481495141983 0 66afc5bf1fb24592a1d1d8cda035b544
