1751470195629 0.12856639921665192 0 7be7fe6072cb448d9e794bc9eb5754a0
1751470195993 0.1275096833705902 1 7be7fe6072cb448d9e794bc9eb5754a0
1751470196298 0.13737231492996216 2 7be7fe6072cb448d9e794bc9eb5754a0
1751470196591 0.13067981600761414 3 7be7fe6072cb448d9e794bc9eb5754a0
1751470196902 0.14899612963199615 4 7be7fe6072cb448d9e794bc9eb5754a0
1751470197224 0.14089468121528625 5 7be7fe6072cb448d9e794bc9eb5754a0
1751470197522 0.15639309585094452 6 7be7fe6072cb448d9e794bc9eb5754a0
1751470197908 0.1507573127746582 7 7be7fe6072cb448d9e794bc9eb5754a0
1751470198260 0.16801691055297852 8 7be7fe6072cb448d9e794bc9eb5754a0
1751470198641 0.16907361149787903 9 7be7fe6072cb448d9e794bc9eb5754a0
1751470199005 0.17541387677192688 10 7be7fe6072cb448d9e794bc9eb5754a0
1751470199337 0.19091229140758514 11 7be7fe6072cb448d9e794bc9eb5754a0
1751470199759 0.19302570819854736 12 7be7fe6072cb448d9e794bc9eb5754a0
1751470200129 0.19549137353897095 13 7be7fe6072cb448d9e794bc9eb5754a0
1751470200486 0.2018316239118576 14 7be7fe6072cb448d9e794bc9eb5754a0
1751470200845 0.21028530597686768 15 7be7fe6072cb448d9e794bc9eb5754a0
1751470201192 0.20605847239494324 16 7be7fe6072cb448d9e794bc9eb5754a0
1751470201544 0.2190912365913391 17 7be7fe6072cb448d9e794bc9eb5754a0
1751470201879 0.2190912365913391 18 7be7fe6072cb448d9e794bc9eb5754a0
1751470202231 0.22648820281028748 19 7be7fe6072cb448d9e794bc9eb5754a0
1751470202568 0.23740753531455994 20 7be7fe6072cb448d9e794bc9eb5754a0
1751470202901 0.23141951858997345 21 7be7fe6072cb448d9e794bc9eb5754a0
1751470203290 0.2180345207452774 22 7be7fe6072cb448d9e794bc9eb5754a0
1751470203624 0.2377597689628601 23 7be7fe6072cb448d9e794bc9eb5754a0
1751470204019 0.23458965122699738 24 7be7fe6072cb448d9e794bc9eb5754a0
1751470204624 0.23635083436965942 25 7be7fe6072cb448d9e794bc9eb5754a0
1751470204929 0.23106727004051208 26 7be7fe6072cb448d9e794bc9eb5754a0
1751470205255 0.24903135001659393 27 7be7fe6072cb448d9e794bc9eb5754a0
1751470205572 0.24550898373126984 28 7be7fe6072cb448d9e794bc9eb5754a0
1751470205888 0.24269108474254608 29 7be7fe6072cb448d9e794bc9eb5754a0
1751470206266 0.26382529735565186 30 7be7fe6072cb448d9e794bc9eb5754a0
1751470206608 0.2448045015335083 31 7be7fe6072cb448d9e794bc9eb5754a0
1751470206926 0.2620640993118286 32 7be7fe6072cb448d9e794bc9eb5754a0
1751470207286 0.24797463417053223 33 7be7fe6072cb448d9e794bc9eb5754a0
1751470207676 0.25361043214797974 34 7be7fe6072cb448d9e794bc9eb5754a0
1751470208290 0.2666431963443756 35 7be7fe6072cb448d9e794bc9eb5754a0
1751470208603 0.26171186566352844 36 7be7fe6072cb448d9e794bc9eb5754a0
1751470208918 0.25924620032310486 37 7be7fe6072cb448d9e794bc9eb5754a0
1751470209240 0.28460726141929626 38 7be7fe6072cb448d9e794bc9eb5754a0
1751470209572 0.2821415960788727 39 7be7fe6072cb448d9e794bc9eb5754a0
1751470209981 0.2680521309375763 40 7be7fe6072cb448d9e794bc9eb5754a0
1751470210318 0.27580133080482483 41 7be7fe6072cb448d9e794bc9eb5754a0
1751470210654 0.2729834318161011 42 7be7fe6072cb448d9e794bc9eb5754a0
1751470210965 0.27897146344184875 43 7be7fe6072cb448d9e794bc9eb5754a0
1751470211305 0.2867206633090973 44 7be7fe6072cb448d9e794bc9eb5754a0
1751470211737 0.2782669961452484 45 7be7fe6072cb448d9e794bc9eb5754a0
1751470212148 0.2958788275718689 46 7be7fe6072cb448d9e794bc9eb5754a0
1751470212463 0.28108489513397217 47 7be7fe6072cb448d9e794bc9eb5754a0
1751470212786 0.29764002561569214 48 7be7fe6072cb448d9e794bc9eb5754a0
1751470213183 0.3015146255493164 49 7be7fe6072cb448d9e794bc9eb5754a0
1751470195629 0.12856639921665192 0 7be7fe6072cb448d9e794bc9eb5754a0
