1751470195629 2.381786346435547 0 7be7fe6072cb448d9e794bc9eb5754a0
1751470195993 2.337831735610962 1 7be7fe6072cb448d9e794bc9eb5754a0
1751470196298 2.313352108001709 2 7be7fe6072cb448d9e794bc9eb5754a0
1751470196591 2.2961859703063965 3 7be7fe6072cb448d9e794bc9eb5754a0
1751470196902 2.285003185272217 4 7be7fe6072cb448d9e794bc9eb5754a0
1751470197224 2.2697060108184814 5 7be7fe6072cb448d9e794bc9eb5754a0
1751470197522 2.2502384185791016 6 7be7fe6072cb448d9e794bc9eb5754a0
1751470197908 2.2576487064361572 7 7be7fe6072cb448d9e794bc9eb5754a0
1751470198260 2.227872848510742 8 7be7fe6072cb448d9e794bc9eb5754a0
1751470198641 2.2278242111206055 9 7be7fe6072cb448d9e794bc9eb5754a0
1751470199005 2.209991455078125 10 7be7fe6072cb448d9e794bc9eb5754a0
1751470199337 2.171793222427368 11 7be7fe6072cb448d9e794bc9eb5754a0
1751470199759 2.1501097679138184 12 7be7fe6072cb448d9e794bc9eb5754a0
1751470200129 2.158046245574951 13 7be7fe6072cb448d9e794bc9eb5754a0
1751470200486 2.1383509635925293 14 7be7fe6072cb448d9e794bc9eb5754a0
1751470200845 2.11059308052063 15 7be7fe6072cb448d9e794bc9eb5754a0
1751470201192 2.1100823879241943 16 7be7fe6072cb448d9e794bc9eb5754a0
1751470201544 2.1015384197235107 17 7be7fe6072cb448d9e794bc9eb5754a0
1751470201879 2.076510429382324 18 7be7fe6072cb448d9e794bc9eb5754a0
1751470202231 2.0518975257873535 19 7be7fe6072cb448d9e794bc9eb5754a0
1751470202568 2.039228916168213 20 7be7fe6072cb448d9e794bc9eb5754a0
1751470202901 2.033493995666504 21 7be7fe6072cb448d9e794bc9eb5754a0
1751470203290 2.020662307739258 22 7be7fe6072cb448d9e794bc9eb5754a0
1751470203624 2.0041472911834717 23 7be7fe6072cb448d9e794bc9eb5754a0
1751470204019 2.0069589614868164 24 7be7fe6072cb448d9e794bc9eb5754a0
1751470204624 1.9826021194458008 25 7be7fe6072cb448d9e794bc9eb5754a0
1751470204929 1.9817661046981812 26 7be7fe6072cb448d9e794bc9eb5754a0
1751470205255 1.953036904335022 27 7be7fe6072cb448d9e794bc9eb5754a0
1751470205572 1.9483518600463867 28 7be7fe6072cb448d9e794bc9eb5754a0
1751470205888 1.936799168586731 29 7be7fe6072cb448d9e794bc9eb5754a0
1751470206266 1.930129885673523 30 7be7fe6072cb448d9e794bc9eb5754a0
1751470206608 1.920304536819458 31 7be7fe6072cb448d9e794bc9eb5754a0
1751470206926 1.888095736503601 32 7be7fe6072cb448d9e794bc9eb5754a0
1751470207286 1.9080710411071777 33 7be7fe6072cb448d9e794bc9eb5754a0
1751470207676 1.8792080879211426 34 7be7fe6072cb448d9e794bc9eb5754a0
1751470208290 1.8628830909729004 35 7be7fe6072cb448d9e794bc9eb5754a0
1751470208603 1.8672986030578613 36 7be7fe6072cb448d9e794bc9eb5754a0
1751470208918 1.8492978811264038 37 7be7fe6072cb448d9e794bc9eb5754a0
1751470209240 1.8133445978164673 38 7be7fe6072cb448d9e794bc9eb5754a0
1751470209572 1.8224776983261108 39 7be7fe6072cb448d9e794bc9eb5754a0
1751470209981 1.8212571144104004 40 7be7fe6072cb448d9e794bc9eb5754a0
1751470210318 1.8080692291259766 41 7be7fe6072cb448d9e794bc9eb5754a0
1751470210654 1.800702691078186 42 7be7fe6072cb448d9e794bc9eb5754a0
1751470210965 1.7854398488998413 43 7be7fe6072cb448d9e794bc9eb5754a0
1751470211305 1.7664680480957031 44 7be7fe6072cb448d9e794bc9eb5754a0
1751470211737 1.7834128141403198 45 7be7fe6072cb448d9e794bc9eb5754a0
1751470212148 1.747093677520752 46 7be7fe6072cb448d9e794bc9eb5754a0
1751470212463 1.7589020729064941 47 7be7fe6072cb448d9e794bc9eb5754a0
1751470212786 1.745025873184204 48 7be7fe6072cb448d9e794bc9eb5754a0
1751470213183 1.7123090028762817 49 7be7fe6072cb448d9e794bc9eb5754a0
1751470195629 2.381786346435547 0 7be7fe6072cb448d9e794bc9eb5754a0
