1751479978705 2.273327589035034 0 ad14aaf7aa8840a59673639be55fd731
1751479979028 2.2242140769958496 1 ad14aaf7aa8840a59673639be55fd731
1751479979339 2.1880223751068115 2 ad14aaf7aa8840a59673639be55fd731
1751479979642 2.1657049655914307 3 ad14aaf7aa8840a59673639be55fd731
1751479979973 2.1324751377105713 4 ad14aaf7aa8840a59673639be55fd731
1751479980299 2.069216728210449 5 ad14aaf7aa8840a59673639be55fd731
1751479980645 2.0013246536254883 6 ad14aaf7aa8840a59673639be55fd731
1751479980982 1.9448699951171875 7 ad14aaf7aa8840a59673639be55fd731
1751479981300 1.8893018960952759 8 ad14aaf7aa8840a59673639be55fd731
1751479981619 1.842462420463562 9 ad14aaf7aa8840a59673639be55fd731
1751479981937 1.8296064138412476 10 ad14aaf7aa8840a59673639be55fd731
1751479982239 1.799025058746338 11 ad14aaf7aa8840a59673639be55fd731
1751479982595 1.7556072473526 12 ad14aaf7aa8840a59673639be55fd731
1751479982909 1.7241088151931763 13 ad14aaf7aa8840a59673639be55fd731
1751479983219 1.7160871028900146 14 ad14aaf7aa8840a59673639be55fd731
1751479983538 1.6807514429092407 15 ad14aaf7aa8840a59673639be55fd731
1751479983845 1.6659270524978638 16 ad14aaf7aa8840a59673639be55fd731
1751479984160 1.6109932661056519 17 ad14aaf7aa8840a59673639be55fd731
1751479984483 1.6139615774154663 18 ad14aaf7aa8840a59673639be55fd731
1751479984761 1.5766655206680298 19 ad14aaf7aa8840a59673639be55fd731
1751479985087 1.5625426769256592 20 ad14aaf7aa8840a59673639be55fd731
1751479985412 1.551041841506958 21 ad14aaf7aa8840a59673639be55fd731
1751479985752 1.5319048166275024 22 ad14aaf7aa8840a59673639be55fd731
1751479986068 1.485572338104248 23 ad14aaf7aa8840a59673639be55fd731
1751479986406 1.499886393547058 24 ad14aaf7aa8840a59673639be55fd731
1751479986731 1.4703933000564575 25 ad14aaf7aa8840a59673639be55fd731
1751479987063 1.4599770307540894 26 ad14aaf7aa8840a59673639be55fd731
1751479987395 1.4490642547607422 27 ad14aaf7aa8840a59673639be55fd731
1751479987730 1.4221373796463013 28 ad14aaf7aa8840a59673639be55fd731
1751479988058 1.4192466735839844 29 ad14aaf7aa8840a59673639be55fd731
1751479988385 1.408860445022583 30 ad14aaf7aa8840a59673639be55fd731
1751479988739 1.4135265350341797 31 ad14aaf7aa8840a59673639be55fd731
1751479989062 1.3868430852890015 32 ad14aaf7aa8840a59673639be55fd731
1751479989390 1.3375672101974487 33 ad14aaf7aa8840a59673639be55fd731
1751479989731 1.3316057920455933 34 ad14aaf7aa8840a59673639be55fd731
1751479990071 1.3490204811096191 35 ad14aaf7aa8840a59673639be55fd731
1751479990376 1.3632702827453613 36 ad14aaf7aa8840a59673639be55fd731
1751479990709 1.373764157295227 37 ad14aaf7aa8840a59673639be55fd731
1751479991024 1.2917231321334839 38 ad14aaf7aa8840a59673639be55fd731
1751479978705 2.273327589035034 0 ad14aaf7aa8840a59673639be55fd731
