1751469225482 0.1729482263326645 0 76246fe4afb745058c04e6a72136e2d2
1751469226117 0.2099330723285675 1 76246fe4afb745058c04e6a72136e2d2
1751469226780 0.23001056909561157 2 76246fe4afb745058c04e6a72136e2d2
1751469227478 0.2423388510942459 3 76246fe4afb745058c04e6a72136e2d2
1751469228174 0.23635083436965942 4 76246fe4afb745058c04e6a72136e2d2
1751469228819 0.2514970004558563 5 76246fe4afb745058c04e6a72136e2d2
1751469229487 0.26840436458587646 6 76246fe4afb745058c04e6a72136e2d2
1751469230136 0.2655864655971527 7 76246fe4afb745058c04e6a72136e2d2
1751469230732 0.2803804278373718 8 76246fe4afb745058c04e6a72136e2d2
1751469231506 0.28143712878227234 9 76246fe4afb745058c04e6a72136e2d2
1751469232266 0.28249382972717285 10 76246fe4afb745058c04e6a72136e2d2
1751469232909 0.3050369918346405 11 76246fe4afb745058c04e6a72136e2d2
1751469233582 0.3110250234603882 12 76246fe4afb745058c04e6a72136e2d2
1751469234222 0.32405775785446167 13 76246fe4afb745058c04e6a72136e2d2
1751469234898 0.31736525893211365 14 76246fe4afb745058c04e6a72136e2d2
1751469235742 0.329341322183609 15 76246fe4afb745058c04e6a72136e2d2
1751469236606 0.3374427556991577 16 76246fe4afb745058c04e6a72136e2d2
1751469237323 0.32863685488700867 17 76246fe4afb745058c04e6a72136e2d2
1751469237998 0.3409651219844818 18 76246fe4afb745058c04e6a72136e2d2
1751469238682 0.33603382110595703 19 76246fe4afb745058c04e6a72136e2d2
1751469239365 0.3399084210395813 20 76246fe4afb745058c04e6a72136e2d2
1751469240096 0.345896452665329 21 76246fe4afb745058c04e6a72136e2d2
1751469240733 0.35223671793937683 22 76246fe4afb745058c04e6a72136e2d2
1751469241418 0.359281450510025 23 76246fe4afb745058c04e6a72136e2d2
1751469242073 0.35681578516960144 24 76246fe4afb745058c04e6a72136e2d2
1751469242726 0.3561113178730011 25 76246fe4afb745058c04e6a72136e2d2
1751469243377 0.3575202524662018 26 76246fe4afb745058c04e6a72136e2d2
1751469244003 0.3663261830806732 27 76246fe4afb745058c04e6a72136e2d2
1751469244686 0.36738288402557373 28 76246fe4afb745058c04e6a72136e2d2
1751469245357 0.36843958497047424 29 76246fe4afb745058c04e6a72136e2d2
1751469246051 0.3814723491668701 30 76246fe4afb745058c04e6a72136e2d2
1751469246676 0.38252905011177063 31 76246fe4afb745058c04e6a72136e2d2
1751469247306 0.3804156482219696 32 76246fe4afb745058c04e6a72136e2d2
1751469247934 0.36843958497047424 33 76246fe4afb745058c04e6a72136e2d2
1751469248644 0.3783022165298462 34 76246fe4afb745058c04e6a72136e2d2
1751469249388 0.3860514163970947 35 76246fe4afb745058c04e6a72136e2d2
1751469250162 0.38464248180389404 36 76246fe4afb745058c04e6a72136e2d2
1751469250866 0.37407538294792175 37 76246fe4afb745058c04e6a72136e2d2
1751469251566 0.39837971329689026 38 76246fe4afb745058c04e6a72136e2d2
1751469252259 0.38464248180389404 39 76246fe4afb745058c04e6a72136e2d2
1751469252963 0.3874603807926178 40 76246fe4afb745058c04e6a72136e2d2
1751469253617 0.40331101417541504 41 76246fe4afb745058c04e6a72136e2d2
1751469254332 0.3888693153858185 42 76246fe4afb745058c04e6a72136e2d2
1751469255135 0.3980274796485901 43 76246fe4afb745058c04e6a72136e2d2
1751469255857 0.39837971329689026 44 76246fe4afb745058c04e6a72136e2d2
1751469256541 0.4117647111415863 45 76246fe4afb745058c04e6a72136e2d2
1751469257165 0.4092990458011627 46 76246fe4afb745058c04e6a72136e2d2
1751469257890 0.40753787755966187 47 76246fe4afb745058c04e6a72136e2d2
1751469258648 0.4061289131641388 48 76246fe4afb745058c04e6a72136e2d2
1751469259400 0.4174004793167114 49 76246fe4afb745058c04e6a72136e2d2
1751469225482 0.1729482263326645 0 76246fe4afb745058c04e6a72136e2d2
