1751469936479 0.10778442770242691 0 74eaf9c07f684442b36d65bfb0ebbb2e
1751469936812 0.10531877726316452 1 74eaf9c07f684442b36d65bfb0ebbb2e
1751469937211 0.12469179183244705 2 74eaf9c07f684442b36d65bfb0ebbb2e
1751469937537 0.11553363502025604 3 74eaf9c07f684442b36d65bfb0ebbb2e
1751469937868 0.13666784763336182 4 74eaf9c07f684442b36d65bfb0ebbb2e
1751469938197 0.14089468121528625 5 74eaf9c07f684442b36d65bfb0ebbb2e
1751469938542 0.14582599699497223 6 74eaf9c07f684442b36d65bfb0ebbb2e
1751469938917 0.14230363070964813 7 74eaf9c07f684442b36d65bfb0ebbb2e
1751469939290 0.14371258020401 8 74eaf9c07f684442b36d65bfb0ebbb2e
1751469939656 0.15991546213626862 9 74eaf9c07f684442b36d65bfb0ebbb2e
1751469940027 0.16801691055297852 10 74eaf9c07f684442b36d65bfb0ebbb2e
1751469940370 0.17118704319000244 11 74eaf9c07f684442b36d65bfb0ebbb2e
1751469940755 0.16872137784957886 12 74eaf9c07f684442b36d65bfb0ebbb2e
1751469941121 0.18844664096832275 13 74eaf9c07f684442b36d65bfb0ebbb2e
1751469941473 0.20218387246131897 14 74eaf9c07f684442b36d65bfb0ebbb2e
1751469941835 0.19549137353897095 15 74eaf9c07f684442b36d65bfb0ebbb2e
1751469942178 0.20922860503196716 16 74eaf9c07f684442b36d65bfb0ebbb2e
1751469942505 0.20253610610961914 17 74eaf9c07f684442b36d65bfb0ebbb2e
1751469942886 0.20852412283420563 18 74eaf9c07f684442b36d65bfb0ebbb2e
1751469943251 0.22367030382156372 19 74eaf9c07f684442b36d65bfb0ebbb2e
1751469943657 0.22085241973400116 20 74eaf9c07f684442b36d65bfb0ebbb2e
1751469944037 0.22437478601932526 21 74eaf9c07f684442b36d65bfb0ebbb2e
1751469944400 0.227544903755188 22 74eaf9c07f684442b36d65bfb0ebbb2e
1751469944778 0.24092990159988403 23 74eaf9c07f684442b36d65bfb0ebbb2e
1751469945219 0.23599858582019806 24 74eaf9c07f684442b36d65bfb0ebbb2e
1751469945577 0.23388516902923584 25 74eaf9c07f684442b36d65bfb0ebbb2e
1751469945946 0.23705530166625977 26 74eaf9c07f684442b36d65bfb0ebbb2e
1751469946343 0.2543148994445801 27 74eaf9c07f684442b36d65bfb0ebbb2e
1751469946707 0.26523423194885254 28 74eaf9c07f684442b36d65bfb0ebbb2e
1751469947051 0.2564283311367035 29 74eaf9c07f684442b36d65bfb0ebbb2e
1751469947500 0.2645297646522522 30 74eaf9c07f684442b36d65bfb0ebbb2e
1751469947853 0.24621345102787018 31 74eaf9c07f684442b36d65bfb0ebbb2e
1751469948256 0.2680521309375763 32 74eaf9c07f684442b36d65bfb0ebbb2e
1751469948612 0.27897146344184875 33 74eaf9c07f684442b36d65bfb0ebbb2e
1751469948961 0.28495949506759644 34 74eaf9c07f684442b36d65bfb0ebbb2e
1751469949298 0.2705177962779999 35 74eaf9c07f684442b36d65bfb0ebbb2e
1751469949688 0.28601619601249695 36 74eaf9c07f684442b36d65bfb0ebbb2e
1751469950095 0.27685806155204773 37 74eaf9c07f684442b36d65bfb0ebbb2e
1751469950480 0.2856639623641968 38 74eaf9c07f684442b36d65bfb0ebbb2e
1751469950872 0.29517436027526855 39 74eaf9c07f684442b36d65bfb0ebbb2e
1751469951293 0.28495949506759644 40 74eaf9c07f684442b36d65bfb0ebbb2e
1751469951668 0.2888340950012207 41 74eaf9c07f684442b36d65bfb0ebbb2e
1751469952080 0.30327579379081726 42 74eaf9c07f684442b36d65bfb0ebbb2e
1751469952487 0.299401193857193 43 74eaf9c07f684442b36d65bfb0ebbb2e
1751469952871 0.3029235601425171 44 74eaf9c07f684442b36d65bfb0ebbb2e
1751469953247 0.28848186135292053 45 74eaf9c07f684442b36d65bfb0ebbb2e
1751469953645 0.30010566115379333 46 74eaf9c07f684442b36d65bfb0ebbb2e
1751469954005 0.3018668591976166 47 74eaf9c07f684442b36d65bfb0ebbb2e
1751469954411 0.32335329055786133 48 74eaf9c07f684442b36d65bfb0ebbb2e
1751469954750 0.31032052636146545 49 74eaf9c07f684442b36d65bfb0ebbb2e
1751469936479 0.10778442770242691 0 74eaf9c07f684442b36d65bfb0ebbb2e
