1751480064087 0.10639802366495132 0 26d3841f434e420da804ec28cdffc133
1751480064393 0.1265464872121811 1 26d3841f434e420da804ec28cdffc133
1751480064687 0.14209967851638794 2 26d3841f434e420da804ec28cdffc133
1751480065010 0.14422057569026947 3 26d3841f434e420da804ec28cdffc133
1751480065302 0.14386709034442902 4 26d3841f434e420da804ec28cdffc133
1751480065672 0.15765288472175598 5 26d3841f434e420da804ec28cdffc133
1751480065980 0.14740191400051117 6 26d3841f434e420da804ec28cdffc133
1751480066268 0.15694591403007507 7 26d3841f434e420da804ec28cdffc133
1751480066533 0.17780134081840515 8 26d3841f434e420da804ec28cdffc133
1751480066815 0.17709438502788544 9 26d3841f434e420da804ec28cdffc133
1751480067186 0.18875928223133087 10 26d3841f434e420da804ec28cdffc133
1751480067492 0.1774478554725647 11 26d3841f434e420da804ec28cdffc133
1751480067792 0.18310357630252838 12 26d3841f434e420da804ec28cdffc133
1751480068102 0.20431247353553772 13 26d3841f434e420da804ec28cdffc133
1751480068400 0.19158713519573212 14 26d3841f434e420da804ec28cdffc133
1751480068704 0.19865676760673523 15 26d3841f434e420da804ec28cdffc133
1751480069002 0.21279604732990265 16 26d3841f434e420da804ec28cdffc133
1751480069297 0.20254506170749664 17 26d3841f434e420da804ec28cdffc133
1751480069622 0.2117355912923813 18 26d3841f434e420da804ec28cdffc133
1751480069946 0.22021916508674622 19 26d3841f434e420da804ec28cdffc133
1751480070293 0.22234004735946655 20 26d3841f434e420da804ec28cdffc133
1751480070677 0.23188406229019165 21 26d3841f434e420da804ec28cdffc133
1751480071011 0.2283492386341095 22 26d3841f434e420da804ec28cdffc133
1751480071329 0.2410745918750763 23 26d3841f434e420da804ec28cdffc133
1751480071625 0.24284198880195618 24 26d3841f434e420da804ec28cdffc133
1751480071950 0.24319547414779663 25 26d3841f434e420da804ec28cdffc133
1751480072253 0.2378932535648346 26 26d3841f434e420da804ec28cdffc133
1751480072573 0.24460940062999725 27 26d3841f434e420da804ec28cdffc133
1751480072882 0.2410745918750763 28 26d3841f434e420da804ec28cdffc133
1751480073182 0.25344645977020264 29 26d3841f434e420da804ec28cdffc133
1751480073531 0.25804170966148376 30 26d3841f434e420da804ec28cdffc133
1751480073859 0.2665252685546875 31 26d3841f434e420da804ec28cdffc133
1751480074200 0.2622835040092468 32 26d3841f434e420da804ec28cdffc133
1751480074522 0.2576882243156433 33 26d3841f434e420da804ec28cdffc133
1751480074901 0.26511135697364807 34 26d3841f434e420da804ec28cdffc133
1751480075242 0.26758572459220886 35 26d3841f434e420da804ec28cdffc133
1751480064087 0.10639802366495132 0 26d3841f434e420da804ec28cdffc133
