1751480064087 2.2906761169433594 0 26d3841f434e420da804ec28cdffc133
1751480064393 2.2163987159729004 1 26d3841f434e420da804ec28cdffc133
1751480064687 2.1813907623291016 2 26d3841f434e420da804ec28cdffc133
1751480065010 2.1639583110809326 3 26d3841f434e420da804ec28cdffc133
1751480065302 2.1425423622131348 4 26d3841f434e420da804ec28cdffc133
1751480065672 2.117675304412842 5 26d3841f434e420da804ec28cdffc133
1751480065980 2.102273464202881 6 26d3841f434e420da804ec28cdffc133
1751480066268 2.081875801086426 7 26d3841f434e420da804ec28cdffc133
1751480066533 2.069687604904175 8 26d3841f434e420da804ec28cdffc133
1751480066815 2.0545616149902344 9 26d3841f434e420da804ec28cdffc133
1751480067186 2.0590362548828125 10 26d3841f434e420da804ec28cdffc133
1751480067492 2.006032943725586 11 26d3841f434e420da804ec28cdffc133
1751480067792 1.9962760210037231 12 26d3841f434e420da804ec28cdffc133
1751480068102 1.9735950231552124 13 26d3841f434e420da804ec28cdffc133
1751480068400 1.9564882516860962 14 26d3841f434e420da804ec28cdffc133
1751480068704 1.936011552810669 15 26d3841f434e420da804ec28cdffc133
1751480069002 1.9212981462478638 16 26d3841f434e420da804ec28cdffc133
1751480069297 1.917149543762207 17 26d3841f434e420da804ec28cdffc133
1751480069622 1.8838657140731812 18 26d3841f434e420da804ec28cdffc133
1751480069946 1.854966640472412 19 26d3841f434e420da804ec28cdffc133
1751480070293 1.8751195669174194 20 26d3841f434e420da804ec28cdffc133
1751480070677 1.8467167615890503 21 26d3841f434e420da804ec28cdffc133
1751480071011 1.827431321144104 22 26d3841f434e420da804ec28cdffc133
1751480071329 1.8066939115524292 23 26d3841f434e420da804ec28cdffc133
1751480071625 1.7770463228225708 24 26d3841f434e420da804ec28cdffc133
1751480071950 1.7953981161117554 25 26d3841f434e420da804ec28cdffc133
1751480072253 1.7629038095474243 26 26d3841f434e420da804ec28cdffc133
1751480072573 1.7553842067718506 27 26d3841f434e420da804ec28cdffc133
1751480072882 1.7336405515670776 28 26d3841f434e420da804ec28cdffc133
1751480073182 1.7043190002441406 29 26d3841f434e420da804ec28cdffc133
1751480073531 1.7367281913757324 30 26d3841f434e420da804ec28cdffc133
1751480073859 1.7162508964538574 31 26d3841f434e420da804ec28cdffc133
1751480074200 1.6998504400253296 32 26d3841f434e420da804ec28cdffc133
1751480074522 1.7021548748016357 33 26d3841f434e420da804ec28cdffc133
1751480074901 1.6884468793869019 34 26d3841f434e420da804ec28cdffc133
1751480075242 1.6612213850021362 35 26d3841f434e420da804ec28cdffc133
1751480064087 2.2906761169433594 0 26d3841f434e420da804ec28cdffc133
