1751479927756 2.3488614559173584 0 7b4d1491da6e4e5d99a079a1ca109c6a
1751479928086 2.289001941680908 1 7b4d1491da6e4e5d99a079a1ca109c6a
1751479928443 2.2589287757873535 2 7b4d1491da6e4e5d99a079a1ca109c6a
1751479928770 2.234048366546631 3 7b4d1491da6e4e5d99a079a1ca109c6a
1751479929134 2.2204930782318115 4 7b4d1491da6e4e5d99a079a1ca109c6a
1751479929538 2.225909471511841 5 7b4d1491da6e4e5d99a079a1ca109c6a
1751479929901 2.2103500366210938 6 7b4d1491da6e4e5d99a079a1ca109c6a
1751479930251 2.2060084342956543 7 7b4d1491da6e4e5d99a079a1ca109c6a
1751479930629 2.2001168727874756 8 7b4d1491da6e4e5d99a079a1ca109c6a
1751479931000 2.196207284927368 9 7b4d1491da6e4e5d99a079a1ca109c6a
1751479931363 2.184946298599243 10 7b4d1491da6e4e5d99a079a1ca109c6a
1751479931707 2.1791605949401855 11 7b4d1491da6e4e5d99a079a1ca109c6a
1751479932113 2.158376693725586 12 7b4d1491da6e4e5d99a079a1ca109c6a
1751479932476 2.1669719219207764 13 7b4d1491da6e4e5d99a079a1ca109c6a
1751479932845 2.1458401679992676 14 7b4d1491da6e4e5d99a079a1ca109c6a
1751479933191 2.1441705226898193 15 7b4d1491da6e4e5d99a079a1ca109c6a
1751479933544 2.138857364654541 16 7b4d1491da6e4e5d99a079a1ca109c6a
1751479933911 2.1265430450439453 17 7b4d1491da6e4e5d99a079a1ca109c6a
1751479934273 2.1333916187286377 18 7b4d1491da6e4e5d99a079a1ca109c6a
1751479934612 2.105966806411743 19 7b4d1491da6e4e5d99a079a1ca109c6a
1751479934948 2.088589906692505 20 7b4d1491da6e4e5d99a079a1ca109c6a
1751479936573 2.097238302230835 21 7b4d1491da6e4e5d99a079a1ca109c6a
1751479936938 2.0634918212890625 22 7b4d1491da6e4e5d99a079a1ca109c6a
1751479937305 2.060048818588257 23 7b4d1491da6e4e5d99a079a1ca109c6a
1751479937642 2.0512537956237793 24 7b4d1491da6e4e5d99a079a1ca109c6a
1751479938006 2.0518555641174316 25 7b4d1491da6e4e5d99a079a1ca109c6a
1751479938344 2.0276055335998535 26 7b4d1491da6e4e5d99a079a1ca109c6a
1751479938716 2.0273478031158447 27 7b4d1491da6e4e5d99a079a1ca109c6a
1751479939059 2.0307624340057373 28 7b4d1491da6e4e5d99a079a1ca109c6a
1751479939438 2.003666400909424 29 7b4d1491da6e4e5d99a079a1ca109c6a
1751479939814 2.009951114654541 30 7b4d1491da6e4e5d99a079a1ca109c6a
1751479940210 1.9975531101226807 31 7b4d1491da6e4e5d99a079a1ca109c6a
1751479940624 1.9856455326080322 32 7b4d1491da6e4e5d99a079a1ca109c6a
1751479941006 1.9725139141082764 33 7b4d1491da6e4e5d99a079a1ca109c6a
1751479941428 1.9493639469146729 34 7b4d1491da6e4e5d99a079a1ca109c6a
1751479941812 1.9446038007736206 35 7b4d1491da6e4e5d99a079a1ca109c6a
1751479942165 1.9216055870056152 36 7b4d1491da6e4e5d99a079a1ca109c6a
1751479942537 1.9006569385528564 37 7b4d1491da6e4e5d99a079a1ca109c6a
1751479942897 1.916633129119873 38 7b4d1491da6e4e5d99a079a1ca109c6a
1751479943288 1.9097145795822144 39 7b4d1491da6e4e5d99a079a1ca109c6a
1751479943685 1.8964511156082153 40 7b4d1491da6e4e5d99a079a1ca109c6a
1751479944080 1.8713933229446411 41 7b4d1491da6e4e5d99a079a1ca109c6a
1751479944467 1.870608925819397 42 7b4d1491da6e4e5d99a079a1ca109c6a
1751479944855 1.8478481769561768 43 7b4d1491da6e4e5d99a079a1ca109c6a
1751479945197 1.8660533428192139 44 7b4d1491da6e4e5d99a079a1ca109c6a
1751479945563 1.8233067989349365 45 7b4d1491da6e4e5d99a079a1ca109c6a
1751479945984 1.8168432712554932 46 7b4d1491da6e4e5d99a079a1ca109c6a
1751479946333 1.8342745304107666 47 7b4d1491da6e4e5d99a079a1ca109c6a
1751479946705 1.80488121509552 48 7b4d1491da6e4e5d99a079a1ca109c6a
1751479947074 1.788044810295105 49 7b4d1491da6e4e5d99a079a1ca109c6a
1751479927756 2.3488614559173584 0 7b4d1491da6e4e5d99a079a1ca109c6a
