1751469174539 0.2226136028766632 0
1751469175483 0.2898907959461212 1
1751469176432 0.33145472407341003 2
1751469177300 0.354702353477478 3
1751469178100 0.37548431754112244 4
1751469178979 0.3906305134296417 5
1751469179889 0.41106024384498596 6
1751469180786 0.41035574674606323 7
1751469181671 0.4142303764820099 8
1751469182538 0.4152870774269104 9
1751469183576 0.4381824731826782 10
1751469184565 0.43113771080970764 11
1751469185527 0.45403310656547546 12
1751469186423 0.46143007278442383 13
1751469187339 0.4586121737957001 14
1751469188283 0.4800986349582672 15
1751469189371 0.47516730427742004 16
1751469190331 0.4910179674625397 17
1751469191271 0.4825642704963684 18
1751469192188 0.4758717715740204 19
1751469193093 0.5040507316589355 20
1751469194032 0.5054596662521362 21
1751469195040 0.5068686008453369 22
1751469196012 0.5255371332168579 23
1751469196971 0.517083466053009 24
1751469198029 0.5132088661193848 25
1751469198988 0.5213103294372559 26
1751469199976 0.5167312622070312 27
1751469200794 0.5378654599189758 28
1751469201858 0.5318773984909058 29
1751469202884 0.5445579290390015 30
1751469203876 0.53575199842453 31
1751469204907 0.5364565253257751 32
1751469205941 0.5621697902679443 33
1751469206839 0.5727368593215942 34
1751469207838 0.5621697902679443 35
1751469208870 0.5762592554092407 36
1751469209897 0.5787249207496643 37
1751469174539 0.2226136028766632 0
