1751469174539 2.1381778717041016 0
1751469175483 1.9694666862487793 1
1751469176432 1.8660682439804077 2
1751469177300 1.7656421661376953 3
1751469178100 1.6865180730819702 4
1751469178979 1.6493626832962036 5
1751469179889 1.5823816061019897 6
1751469180786 1.560371994972229 7
1751469181671 1.5271167755126953 8
1751469182538 1.4947993755340576 9
1751469183576 1.4756989479064941 10
1751469184565 1.4437681436538696 11
1751469185527 1.418399453163147 12
1751469186423 1.3995243310928345 13
1751469187339 1.3857016563415527 14
1751469188283 1.3697041273117065 15
1751469189371 1.3441818952560425 16
1751469190331 1.3357021808624268 17
1751469191271 1.3311508893966675 18
1751469192188 1.3225153684616089 19
1751469193093 1.2977850437164307 20
1751469194032 1.2935367822647095 21
1751469195040 1.2720791101455688 22
1751469196012 1.2627136707305908 23
1751469196971 1.258570909500122 24
1751469198029 1.2507224082946777 25
1751469198988 1.2392387390136719 26
1751469199976 1.2304729223251343 27
1751469200794 1.2180854082107544 28
1751469201858 1.2220418453216553 29
1751469202884 1.2057480812072754 30
1751469203876 1.187778353691101 31
1751469204907 1.1897492408752441 32
1751469205941 1.1616252660751343 33
1751469206839 1.1512017250061035 34
1751469207838 1.1437426805496216 35
1751469208870 1.1398245096206665 36
1751469209897 1.1248544454574585 37
1751469174539 2.1381778717041016 0
