1751482388607 0.17921526730060577 0 e8d01d094444472ebbb7bc568fc46a14
1751482389700 0.19441498816013336 1 e8d01d094444472ebbb7bc568fc46a14
1751482390905 0.22940967977046967 2 e8d01d094444472ebbb7bc568fc46a14
1751482392206 0.26299044489860535 3 e8d01d094444472ebbb7bc568fc46a14
1751482393166 0.2810180187225342 4 e8d01d094444472ebbb7bc568fc46a14
1751482394447 0.30434781312942505 5 e8d01d094444472ebbb7bc568fc46a14
1751482395513 0.30752915143966675 6 e8d01d094444472ebbb7bc568fc46a14
1751482396568 0.3078826367855072 7 e8d01d094444472ebbb7bc568fc46a14
1751482397572 0.33545422554016113 8 e8d01d094444472ebbb7bc568fc46a14
1751482398702 0.33757510781288147 9 e8d01d094444472ebbb7bc568fc46a14
1751482399750 0.3435842990875244 10 e8d01d094444472ebbb7bc568fc46a14
1751482400818 0.3446447551250458 11 e8d01d094444472ebbb7bc568fc46a14
1751482402193 0.3538352847099304 12 e8d01d094444472ebbb7bc568fc46a14
1751482403711 0.3605514168739319 13 e8d01d094444472ebbb7bc568fc46a14
1751482406114 0.36797454953193665 14 e8d01d094444472ebbb7bc568fc46a14
1751482407397 0.37751856446266174 15 e8d01d094444472ebbb7bc568fc46a14
1751482408712 0.3761046230792999 16 e8d01d094444472ebbb7bc568fc46a14
1751482410200 0.3828207850456238 17 e8d01d094444472ebbb7bc568fc46a14
1751482412879 0.3920113146305084 18 e8d01d094444472ebbb7bc568fc46a14
1751482413907 0.39342522621154785 19 e8d01d094444472ebbb7bc568fc46a14
1751482415273 0.3955461382865906 20 e8d01d094444472ebbb7bc568fc46a14
1751482416435 0.40615057945251465 21 e8d01d094444472ebbb7bc568fc46a14
1751482417754 0.41746199131011963 22 e8d01d094444472ebbb7bc568fc46a14
1751482419522 0.4114528000354767 23 e8d01d094444472ebbb7bc568fc46a14
1751482419939 0.43089431524276733 24 e8d01d094444472ebbb7bc568fc46a14
1751482420352 0.4199363589286804 25 e8d01d094444472ebbb7bc568fc46a14
1751482420794 0.4326617121696472 26 e8d01d094444472ebbb7bc568fc46a14
1751482421253 0.44043833017349243 27 e8d01d094444472ebbb7bc568fc46a14
1751482421713 0.4429126977920532 28 e8d01d094444472ebbb7bc568fc46a14
1751482422172 0.44998231530189514 29 e8d01d094444472ebbb7bc568fc46a14
1751482388607 0.17921526730060577 0 e8d01d094444472ebbb7bc568fc46a14
