1751482388607 3.3131048679351807 0 e8d01d094444472ebbb7bc568fc46a14
1751482389700 3.0874366760253906 1 e8d01d094444472ebbb7bc568fc46a14
1751482390905 2.969958782196045 2 e8d01d094444472ebbb7bc568fc46a14
1751482392206 2.8637866973876953 3 e8d01d094444472ebbb7bc568fc46a14
1751482393166 2.7770373821258545 4 e8d01d094444472ebbb7bc568fc46a14
1751482394447 2.698183059692383 5 e8d01d094444472ebbb7bc568fc46a14
1751482395513 2.64455509185791 6 e8d01d094444472ebbb7bc568fc46a14
1751482396568 2.6127395629882812 7 e8d01d094444472ebbb7bc568fc46a14
1751482397572 2.539412021636963 8 e8d01d094444472ebbb7bc568fc46a14
1751482398702 2.4956881999969482 9 e8d01d094444472ebbb7bc568fc46a14
1751482399750 2.48447585105896 10 e8d01d094444472ebbb7bc568fc46a14
1751482400818 2.4285874366760254 11 e8d01d094444472ebbb7bc568fc46a14
1751482402193 2.3931949138641357 12 e8d01d094444472ebbb7bc568fc46a14
1751482403711 2.3270103931427 13 e8d01d094444472ebbb7bc568fc46a14
1751482406114 2.335470199584961 14 e8d01d094444472ebbb7bc568fc46a14
1751482407397 2.2675728797912598 15 e8d01d094444472ebbb7bc568fc46a14
1751482408712 2.243605375289917 16 e8d01d094444472ebbb7bc568fc46a14
1751482410200 2.2260193824768066 17 e8d01d094444472ebbb7bc568fc46a14
1751482412879 2.1767680644989014 18 e8d01d094444472ebbb7bc568fc46a14
1751482413907 2.140503168106079 19 e8d01d094444472ebbb7bc568fc46a14
1751482415273 2.172295093536377 20 e8d01d094444472ebbb7bc568fc46a14
1751482416435 2.0948469638824463 21 e8d01d094444472ebbb7bc568fc46a14
1751482417754 2.0444188117980957 22 e8d01d094444472ebbb7bc568fc46a14
1751482419522 2.03177547454834 23 e8d01d094444472ebbb7bc568fc46a14
1751482419939 2.004335880279541 24 e8d01d094444472ebbb7bc568fc46a14
1751482420352 2.023435592651367 25 e8d01d094444472ebbb7bc568fc46a14
1751482420794 1.952591896057129 26 e8d01d094444472ebbb7bc568fc46a14
1751482421253 1.9253350496292114 27 e8d01d094444472ebbb7bc568fc46a14
1751482421713 1.9084290266036987 28 e8d01d094444472ebbb7bc568fc46a14
1751482422172 1.8470971584320068 29 e8d01d094444472ebbb7bc568fc46a14
1751482388607 3.3131048679351807 0 e8d01d094444472ebbb7bc568fc46a14
