1751482280541 3.379647970199585 0
1751482281025 3.2246217727661133 1
1751482281504 3.1750552654266357 2
1751482281989 3.141439437866211 3
1751482282661 3.1366078853607178 4
1751482283115 3.112576723098755 5
1751482283565 3.1029207706451416 6
1751482284048 3.0933825969696045 7
1751482284511 3.078615188598633 8
1751482284965 3.060413360595703 9
1751482285396 3.04563570022583 10
1751482285856 3.045872449874878 11
1751482286292 3.0432872772216797 12
1751482286763 3.037888765335083 13
1751482287227 3.0061891078948975 14
1751482287703 2.995033025741577 15
1751482288189 2.9815070629119873 16
1751482288648 2.9727072715759277 17
1751482280541 3.379647970199585 0
