1751480130834 2.3854916095733643 0 dfe1d94925704ca9ab56acbc1076edea
1751480131182 2.324521064758301 1 dfe1d94925704ca9ab56acbc1076edea
1751480131536 2.31301212310791 2 dfe1d94925704ca9ab56acbc1076edea
1751480131868 2.3086256980895996 3 dfe1d94925704ca9ab56acbc1076edea
1751480132211 2.3015754222869873 4 dfe1d94925704ca9ab56acbc1076edea
1751480132566 2.292996883392334 5 dfe1d94925704ca9ab56acbc1076edea
1751480132885 2.290152072906494 6 dfe1d94925704ca9ab56acbc1076edea
1751480133230 2.284503221511841 7 dfe1d94925704ca9ab56acbc1076edea
1751480133566 2.2674195766448975 8 dfe1d94925704ca9ab56acbc1076edea
1751480133905 2.264984369277954 9 dfe1d94925704ca9ab56acbc1076edea
1751480134240 2.2710611820220947 10 dfe1d94925704ca9ab56acbc1076edea
1751480134579 2.2603976726531982 11 dfe1d94925704ca9ab56acbc1076edea
1751480134889 2.258042335510254 12 dfe1d94925704ca9ab56acbc1076edea
1751480135229 2.2483580112457275 13 dfe1d94925704ca9ab56acbc1076edea
1751480135577 2.2538435459136963 14 dfe1d94925704ca9ab56acbc1076edea
1751480135929 2.2433688640594482 15 dfe1d94925704ca9ab56acbc1076edea
1751480136261 2.2413394451141357 16 dfe1d94925704ca9ab56acbc1076edea
1751480136601 2.2258200645446777 17 dfe1d94925704ca9ab56acbc1076edea
1751480136929 2.22357439994812 18 dfe1d94925704ca9ab56acbc1076edea
1751480137259 2.229334831237793 19 dfe1d94925704ca9ab56acbc1076edea
1751480137580 2.2165541648864746 20 dfe1d94925704ca9ab56acbc1076edea
1751480137911 2.21880841255188 21 dfe1d94925704ca9ab56acbc1076edea
1751480138250 2.2041091918945312 22 dfe1d94925704ca9ab56acbc1076edea
1751480138921 2.21809458732605 23 dfe1d94925704ca9ab56acbc1076edea
1751480139261 2.1982343196868896 24 dfe1d94925704ca9ab56acbc1076edea
1751480139588 2.204530954360962 25 dfe1d94925704ca9ab56acbc1076edea
1751480139932 2.1868138313293457 26 dfe1d94925704ca9ab56acbc1076edea
1751480140286 2.180863857269287 27 dfe1d94925704ca9ab56acbc1076edea
1751480140648 2.1851015090942383 28 dfe1d94925704ca9ab56acbc1076edea
1751480140981 2.168426752090454 29 dfe1d94925704ca9ab56acbc1076edea
1751480141348 2.1702756881713867 30 dfe1d94925704ca9ab56acbc1076edea
1751480141709 2.169848918914795 31 dfe1d94925704ca9ab56acbc1076edea
1751480142043 2.172619104385376 32 dfe1d94925704ca9ab56acbc1076edea
1751480142423 2.163545846939087 33 dfe1d94925704ca9ab56acbc1076edea
1751480142772 2.165604591369629 34 dfe1d94925704ca9ab56acbc1076edea
1751480143148 2.1501314640045166 35 dfe1d94925704ca9ab56acbc1076edea
1751480143499 2.1470606327056885 36 dfe1d94925704ca9ab56acbc1076edea
1751480143902 2.152759075164795 37 dfe1d94925704ca9ab56acbc1076edea
1751480144265 2.1283276081085205 38 dfe1d94925704ca9ab56acbc1076edea
1751480144629 2.136488676071167 39 dfe1d94925704ca9ab56acbc1076edea
1751480144976 2.129666805267334 40 dfe1d94925704ca9ab56acbc1076edea
1751480145393 2.111067056655884 41 dfe1d94925704ca9ab56acbc1076edea
1751480145777 2.1262710094451904 42 dfe1d94925704ca9ab56acbc1076edea
1751480146125 2.1089584827423096 43 dfe1d94925704ca9ab56acbc1076edea
1751480146474 2.104832649230957 44 dfe1d94925704ca9ab56acbc1076edea
1751480146798 2.093400239944458 45 dfe1d94925704ca9ab56acbc1076edea
1751480147134 2.0797719955444336 46 dfe1d94925704ca9ab56acbc1076edea
1751480147484 2.0693142414093018 47 dfe1d94925704ca9ab56acbc1076edea
1751480147800 2.062439203262329 48 dfe1d94925704ca9ab56acbc1076edea
1751480148141 2.069366693496704 49 dfe1d94925704ca9ab56acbc1076edea
1751480130834 2.3854916095733643 0 dfe1d94925704ca9ab56acbc1076edea
