1751469859307 0.13737231492996216 0
1751469859790 0.18985557556152344 1
1751469860209 0.2296583354473114 2
1751469860672 0.26523423194885254 3
1751469861104 0.28355056047439575 4
1751469861521 0.30433252453804016 5
1751469861950 0.3222965896129608 6
1751469862348 0.32335329055786133 7
1751469862797 0.3469531536102295 8
1751469863237 0.3444874882698059 9
1751469863686 0.34730538725852966 10
1751469864195 0.37055301666259766 11
1751469864718 0.38464248180389404 12
1751469865135 0.38464248180389404 13
1751469865598 0.3853469491004944 14
1751469866022 0.3860514163970947 15
1751469866463 0.38816484808921814 16
1751469866913 0.39978864789009094 17
1751469867414 0.417752742767334 18
1751469867892 0.4092990458011627 19
1751469868330 0.42620640993118286 20
1751469868754 0.43536457419395447 21
1751469869210 0.4339556097984314 22
1751469869648 0.4476928412914276 23
1751469859307 0.13737231492996216 0
