1751482340407 0.14704842865467072 0
1751482340939 0.25097206234931946 1
1751482341435 0.3156592547893524 2
1751482341941 0.3315659165382385 3
1751482342487 0.35666313767433167 4
1751482343005 0.3722163438796997 5
1751482343568 0.3849416673183441 6
1751482344974 0.3913043439388275 7
1751482347606 0.40615057945251465 8
1751482350245 0.41569459438323975 9
1751482353008 0.4344291388988495 10
1751482354573 0.445387065410614 11
1751482357052 0.4460940361022949 12
1751482358573 0.44998231530189514 13
1751482361027 0.46730294823646545 14
1751482362429 0.4687168598175049 15
1751482365156 0.4694238305091858 16
1751482366571 0.47225168347358704 17
1751482367860 0.4924001395702362 18
1751482369038 0.4885118305683136 19
1751482370319 0.5054789781570435 20
1751482371668 0.5008836984634399 21
1751482372825 0.5083068013191223 22
1751482374327 0.5065394043922424 23
1751482375667 0.521385669708252 24
1751482340407 0.14704842865467072 0
