1751468873487 0.21380767226219177 0
1751468874095 0.29059529304504395 1
1751468874765 0.3272278904914856 2
1751468875436 0.34413525462150574 3
1751468876093 0.3596336841583252 4
1751468876825 0.38112011551856995 5
1751468877415 0.3839380145072937 6
1751468878013 0.40894681215286255 7
1751468878660 0.41141247749328613 8
1751468879275 0.4212751090526581 9
1751468879848 0.4293765425682068 10
1751468880435 0.4325466752052307 11
1751468881086 0.4360690414905548 12
1751468881688 0.43008100986480713 13
1751468882324 0.44381824135780334 14
1751468882986 0.4501585066318512 15
1751468883593 0.4417048394680023 16
1751468884215 0.47270166873931885 17
1751468884871 0.4491018056869507 18
1751468885501 0.4628390371799469 19
1751468886171 0.46917930245399475 20
1751468886808 0.4698837697505951 21
1751468887483 0.4557943046092987 22
1751468888184 0.47164493799209595 23
1751468888902 0.4709404706954956 24
1751468889580 0.48432546854019165 25
1751468890196 0.47868967056274414 26
1751468890804 0.4800986349582672 27
1751468891435 0.47411060333251953 28
1751468892042 0.4825642704963684 29
1751468892714 0.48326876759529114 30
1751468893381 0.48573440313339233 31
1751468894117 0.4973582327365875 32
1751468894902 0.485029935836792 33
1751468895597 0.4882000684738159 34
1751468873487 0.21380767226219177 0
