1751468873487 2.0753109455108643 0
1751468874095 1.9241360425949097 1
1751468874765 1.800727367401123 2
1751468875436 1.701377034187317 3
1751468876093 1.6502768993377686 4
1751468876825 1.5997705459594727 5
1751468877415 1.5627390146255493 6
1751468878013 1.507663607597351 7
1751468878660 1.4838182926177979 8
1751468879275 1.4572422504425049 9
1751468879848 1.4316219091415405 10
1751468880435 1.4322341680526733 11
1751468881086 1.4055631160736084 12
1751468881688 1.417302131652832 13
1751468882324 1.3805335760116577 14
1751468882986 1.37533438205719 15
1751468883593 1.3646349906921387 16
1751468884215 1.3495033979415894 17
1751468884871 1.3466931581497192 18
1751468885501 1.3377485275268555 19
1751468886171 1.3339446783065796 20
1751468886808 1.305009365081787 21
1751468887483 1.3187929391860962 22
1751468888184 1.3118938207626343 23
1751468888902 1.286703109741211 24
1751468889580 1.2648260593414307 25
1751468890196 1.2860478162765503 26
1751468890804 1.2733697891235352 27
1751468891435 1.2831655740737915 28
1751468892042 1.2501506805419922 29
1751468892714 1.2647228240966797 30
1751468893381 1.2454016208648682 31
1751468894117 1.2434536218643188 32
1751468894902 1.2721545696258545 33
1751468895597 1.254062533378601 34
1751468873487 2.0753109455108643 0
