1751482713086 0.09800569713115692 0
1751482713447 0.08774928748607635 1
1751482713820 0.10370370000600815 2
1751482714179 0.11794871836900711 3
1751482714513 0.12079772353172302 4
1751482714920 0.13219372928142548 5
1751482715241 0.1458689421415329 6
1751482715625 0.14529915153980255 7
1751482715976 0.14700855314731598 8
1751482716345 0.1675213724374771 9
1751482716729 0.156695157289505 10
1751482717068 0.17720797657966614 11
1751482717416 0.1834757775068283 12
1751482717749 0.16239316761493683 13
1751482718078 0.16638176143169403 14
1751482718398 0.16638176143169403 15
1751482718723 0.19031338393688202 16
1751482719049 0.1834757775068283 17
1751482719388 0.17150996625423431 18
1751482719784 0.168660968542099 19
1751482720123 0.16923077404499054 20
1751482720825 0.18917378783226013 21
1751482721168 0.17834757268428802 22
1751482713086 0.09800569713115692 0
