1751483110743 0.1538461595773697 0 4fb4c64fa57948c6a0ffc37a25aabf1e
1751483111799 0.1606837660074234 1 4fb4c64fa57948c6a0ffc37a25aabf1e
1751483112887 0.16695156693458557 2 4fb4c64fa57948c6a0ffc37a25aabf1e
1751483114046 0.16011396050453186 3 4fb4c64fa57948c6a0ffc37a25aabf1e
1751483115164 0.15954415500164032 4 4fb4c64fa57948c6a0ffc37a25aabf1e
1751483116781 0.16695156693458557 5 4fb4c64fa57948c6a0ffc37a25aabf1e
1751483118792 0.18119658529758453 6 4fb4c64fa57948c6a0ffc37a25aabf1e
1751483119646 0.17150996625423431 7 4fb4c64fa57948c6a0ffc37a25aabf1e
1751483120482 0.16638176143169403 8 4fb4c64fa57948c6a0ffc37a25aabf1e
1751483121584 0.17378917336463928 9 4fb4c64fa57948c6a0ffc37a25aabf1e
1751483122748 0.17321936786174774 10 4fb4c64fa57948c6a0ffc37a25aabf1e
1751483123988 0.1834757775068283 11 4fb4c64fa57948c6a0ffc37a25aabf1e
1751483124985 0.1794871836900711 12 4fb4c64fa57948c6a0ffc37a25aabf1e
1751483125976 0.1754985749721527 13 4fb4c64fa57948c6a0ffc37a25aabf1e
1751483127151 0.18176637589931488 14 4fb4c64fa57948c6a0ffc37a25aabf1e
1751483128205 0.20284900069236755 15 4fb4c64fa57948c6a0ffc37a25aabf1e
1751483110743 0.1538461595773697 0 4fb4c64fa57948c6a0ffc37a25aabf1e
