1751482264814 0.1590668112039566 0
1751482265267 0.16295510530471802 1
1751482265765 0.17214563488960266 2
1751482266214 0.17002473771572113 3
1751482266655 0.17285259068012238 4
1751482267124 0.1717921495437622 5
1751482267629 0.18204312026500702 6
1751482268103 0.17956875264644623 7
1751482268610 0.19158713519573212 8
1751482269056 0.17921526730060577 9
1751482269530 0.1908801645040512 10
1751482269967 0.19194062054157257 11
1751482270461 0.18840579688549042 12
1751482270916 0.18805231153964996 13
1751482271331 0.1933545470237732 14
1751482271802 0.19794981181621552 15
1751482264814 0.1590668112039566 0
