1751482264814 3.3930885791778564 0
1751482265267 3.2152247428894043 1
1751482265765 3.1467018127441406 2
1751482266214 3.138741970062256 3
1751482266655 3.118065595626831 4
1751482267124 3.1215555667877197 5
1751482267629 3.097440242767334 6
1751482268103 3.0916104316711426 7
1751482268610 3.0759150981903076 8
1751482269056 3.078280448913574 9
1751482269530 3.0825917720794678 10
1751482269967 3.059379816055298 11
1751482270461 3.0537209510803223 12
1751482270916 3.0586259365081787 13
1751482271331 3.036263942718506 14
1751482271802 3.0369176864624023 15
1751482264814 3.3930885791778564 0
