1751483035349 0.15498575568199158 0 ce76c3876d0f43518e97ecc4392cc386
1751483035727 0.16011396050453186 1 ce76c3876d0f43518e97ecc4392cc386
1751483036084 0.16410256922245026 2 ce76c3876d0f43518e97ecc4392cc386
1751483036410 0.16011396050453186 3 ce76c3876d0f43518e97ecc4392cc386
1751483036768 0.16524216532707214 4 ce76c3876d0f43518e97ecc4392cc386
1751483037149 0.168660968542099 5 ce76c3876d0f43518e97ecc4392cc386
1751483037508 0.16239316761493683 6 ce76c3876d0f43518e97ecc4392cc386
1751483037882 0.1675213724374771 7 ce76c3876d0f43518e97ecc4392cc386
1751483038242 0.16923077404499054 8 ce76c3876d0f43518e97ecc4392cc386
1751483038606 0.16581197082996368 9 ce76c3876d0f43518e97ecc4392cc386
1751483038950 0.16923077404499054 10 ce76c3876d0f43518e97ecc4392cc386
1751483039340 0.1766381710767746 11 ce76c3876d0f43518e97ecc4392cc386
1751483039723 0.1698005646467209 12 ce76c3876d0f43518e97ecc4392cc386
1751483040101 0.1726495772600174 13 ce76c3876d0f43518e97ecc4392cc386
1751483040472 0.17891737818717957 14 ce76c3876d0f43518e97ecc4392cc386
1751483040845 0.17891737818717957 15 ce76c3876d0f43518e97ecc4392cc386
1751483041240 0.1834757775068283 16 ce76c3876d0f43518e97ecc4392cc386
1751483041634 0.18290598690509796 17 ce76c3876d0f43518e97ecc4392cc386
1751483042018 0.19202278554439545 18 ce76c3876d0f43518e97ecc4392cc386
1751483042396 0.18632479012012482 19 ce76c3876d0f43518e97ecc4392cc386
1751483042762 0.1954415887594223 20 ce76c3876d0f43518e97ecc4392cc386
1751483043147 0.19316239655017853 21 ce76c3876d0f43518e97ecc4392cc386
1751483043597 0.19715099036693573 22 ce76c3876d0f43518e97ecc4392cc386
1751483044011 0.2034188061952591 23 ce76c3876d0f43518e97ecc4392cc386
1751483044394 0.1994301974773407 24 ce76c3876d0f43518e97ecc4392cc386
1751483044776 0.2102564126253128 25 ce76c3876d0f43518e97ecc4392cc386
1751483045140 0.19658119976520538 26 ce76c3876d0f43518e97ecc4392cc386
1751483045817 0.2142450213432312 27 ce76c3876d0f43518e97ecc4392cc386
1751483046452 0.2182336151599884 28 ce76c3876d0f43518e97ecc4392cc386
1751483047446 0.21994301676750183 29 ce76c3876d0f43518e97ecc4392cc386
1751483035349 0.15498575568199158 0 ce76c3876d0f43518e97ecc4392cc386
