1751483035349 3.5407278537750244 0 ce76c3876d0f43518e97ecc4392cc386
1751483035727 3.2357981204986572 1 ce76c3876d0f43518e97ecc4392cc386
1751483036084 3.2096705436706543 2 ce76c3876d0f43518e97ecc4392cc386
1751483036410 3.206233501434326 3 ce76c3876d0f43518e97ecc4392cc386
1751483036768 3.1905343532562256 4 ce76c3876d0f43518e97ecc4392cc386
1751483037149 3.187443494796753 5 ce76c3876d0f43518e97ecc4392cc386
1751483037508 3.1693599224090576 6 ce76c3876d0f43518e97ecc4392cc386
1751483037882 3.14152193069458 7 ce76c3876d0f43518e97ecc4392cc386
1751483038242 3.1454641819000244 8 ce76c3876d0f43518e97ecc4392cc386
1751483038606 3.1249701976776123 9 ce76c3876d0f43518e97ecc4392cc386
1751483038950 3.124316692352295 10 ce76c3876d0f43518e97ecc4392cc386
1751483039340 3.106194257736206 11 ce76c3876d0f43518e97ecc4392cc386
1751483039723 3.118582010269165 12 ce76c3876d0f43518e97ecc4392cc386
1751483040101 3.100094795227051 13 ce76c3876d0f43518e97ecc4392cc386
1751483040472 3.095167636871338 14 ce76c3876d0f43518e97ecc4392cc386
1751483040845 3.0714123249053955 15 ce76c3876d0f43518e97ecc4392cc386
1751483041240 3.069960355758667 16 ce76c3876d0f43518e97ecc4392cc386
1751483041634 3.0764245986938477 17 ce76c3876d0f43518e97ecc4392cc386
1751483042018 3.0639305114746094 18 ce76c3876d0f43518e97ecc4392cc386
1751483042396 3.0417819023132324 19 ce76c3876d0f43518e97ecc4392cc386
1751483042762 3.0339407920837402 20 ce76c3876d0f43518e97ecc4392cc386
1751483043147 3.033402919769287 21 ce76c3876d0f43518e97ecc4392cc386
1751483043597 3.0192384719848633 22 ce76c3876d0f43518e97ecc4392cc386
1751483044011 2.9978466033935547 23 ce76c3876d0f43518e97ecc4392cc386
1751483044394 2.9979724884033203 24 ce76c3876d0f43518e97ecc4392cc386
1751483044776 2.9835619926452637 25 ce76c3876d0f43518e97ecc4392cc386
1751483045140 3.0085251331329346 26 ce76c3876d0f43518e97ecc4392cc386
1751483045817 2.9728665351867676 27 ce76c3876d0f43518e97ecc4392cc386
1751483046452 2.9695725440979004 28 ce76c3876d0f43518e97ecc4392cc386
1751483047446 2.95444917678833 29 ce76c3876d0f43518e97ecc4392cc386
1751483035349 3.5407278537750244 0 ce76c3876d0f43518e97ecc4392cc386
