1751481764681 3.3216943740844727 0 7fdb64c1dbeb4414a6951a5755a0828c
1751481765142 3.117072105407715 1 7fdb64c1dbeb4414a6951a5755a0828c
1751481765620 2.991920232772827 2 7fdb64c1dbeb4414a6951a5755a0828c
1751481766072 2.8939008712768555 3 7fdb64c1dbeb4414a6951a5755a0828c
1751481766590 2.802365779876709 4 7fdb64c1dbeb4414a6951a5755a0828c
1751481767039 2.7244091033935547 5 7fdb64c1dbeb4414a6951a5755a0828c
1751481767484 2.6880528926849365 6 7fdb64c1dbeb4414a6951a5755a0828c
1751481767943 2.638474702835083 7 7fdb64c1dbeb4414a6951a5755a0828c
1751481768629 2.594555616378784 8 7fdb64c1dbeb4414a6951a5755a0828c
1751481769080 2.550795078277588 9 7fdb64c1dbeb4414a6951a5755a0828c
1751481769515 2.523425579071045 10 7fdb64c1dbeb4414a6951a5755a0828c
1751481769950 2.4777820110321045 11 7fdb64c1dbeb4414a6951a5755a0828c
1751481770393 2.455627918243408 12 7fdb64c1dbeb4414a6951a5755a0828c
1751481770811 2.3869752883911133 13 7fdb64c1dbeb4414a6951a5755a0828c
1751481771251 2.3766207695007324 14 7fdb64c1dbeb4414a6951a5755a0828c
1751481771677 2.339256525039673 15 7fdb64c1dbeb4414a6951a5755a0828c
1751481772094 2.294187068939209 16 7fdb64c1dbeb4414a6951a5755a0828c
1751481772559 2.245638132095337 17 7fdb64c1dbeb4414a6951a5755a0828c
1751481773028 2.276139497756958 18 7fdb64c1dbeb4414a6951a5755a0828c
1751481773462 2.2135133743286133 19 7fdb64c1dbeb4414a6951a5755a0828c
1751481773888 2.225458860397339 20 7fdb64c1dbeb4414a6951a5755a0828c
1751481774303 2.1594183444976807 21 7fdb64c1dbeb4414a6951a5755a0828c
1751481774715 2.1738271713256836 22 7fdb64c1dbeb4414a6951a5755a0828c
1751481775153 2.0683979988098145 23 7fdb64c1dbeb4414a6951a5755a0828c
1751481775630 2.077235460281372 24 7fdb64c1dbeb4414a6951a5755a0828c
1751481776070 2.0591881275177 25 7fdb64c1dbeb4414a6951a5755a0828c
1751481764681 3.3216943740844727 0 7fdb64c1dbeb4414a6951a5755a0828c
