1751469042789 0.23529411852359772 0
1751469043411 0.3018668591976166 1
1751469044006 0.3282846212387085 2
1751469044616 0.35892918705940247 3
1751469045215 0.37865445017814636 4
1751469045839 0.394505113363266 5
1751469046497 0.40789011120796204 6
1751469047151 0.41458261013031006 7
1751469047785 0.4385347068309784 8
1751469048353 0.43466007709503174 9
1751469048956 0.44029587507247925 10
1751469049480 0.4441704750061035 11
1751469050081 0.44945403933525085 12
1751469050562 0.44698837399482727 13
1751469051198 0.4748150706291199 14
1751469051755 0.473053902387619 15
1751469052352 0.47974640130996704 16
1751469052912 0.4804508686065674 17
1751469053497 0.4836210012435913 18
1751469054104 0.4927791357040405 19
1751469054674 0.4963015019893646 20
1751469055337 0.49242690205574036 21
1751469056013 0.4955970346927643 22
1751469056662 0.5051074028015137 23
1751469057334 0.5125043988227844 24
1751469057982 0.5117999315261841 25
1751469058583 0.5248326659202576 26
1751469059256 0.5258893966674805 27
1751469059912 0.5047551989555359 28
1751469060596 0.5209580659866333 29
1751469061289 0.5227192640304565 30
1751469062533 0.5339908599853516 31
1751469063081 0.5301162600517273 32
1751469063668 0.5350475311279297 33
1751469064229 0.5431489944458008 34
1751469064801 0.5364565253257751 35
1751469065667 0.5417400598526001 36
1751469066188 0.5487847924232483 37
1751469066760 0.5410355925559998 38
1751469067369 0.5628742575645447 39
1751469068092 0.544910192489624 40
1751469068849 0.5463191270828247 41
1751469069520 0.5494892597198486 42
1751469070180 0.5565339922904968 43
1751469042789 0.23529411852359772 0
