1751469042789 2.0635790824890137 0
1751469043411 1.8950929641723633 1
1751469044006 1.760096549987793 2
1751469044616 1.651038646697998 3
1751469045215 1.5476795434951782 4
1751469045839 1.4977936744689941 5
1751469046497 1.4626895189285278 6
1751469047151 1.4248192310333252 7
1751469047785 1.3942612409591675 8
1751469048353 1.3634475469589233 9
1751469048956 1.3574892282485962 10
1751469049480 1.3420432806015015 11
1751469050081 1.318235158920288 12
1751469050562 1.3081865310668945 13
1751469051198 1.2784532308578491 14
1751469051755 1.2664717435836792 15
1751469052352 1.2622578144073486 16
1751469052912 1.2452811002731323 17
1751469053497 1.2413181066513062 18
1751469054104 1.2289444208145142 19
1751469054674 1.2139956951141357 20
1751469055337 1.2173042297363281 21
1751469056013 1.206965684890747 22
1751469056662 1.1975570917129517 23
1751469057334 1.1859492063522339 24
1751469057982 1.174589991569519 25
1751469058583 1.1696962118148804 26
1751469059256 1.1662412881851196 27
1751469059912 1.1742504835128784 28
1751469060596 1.1634066104888916 29
1751469061289 1.144844651222229 30
1751469062533 1.1342778205871582 31
1751469063081 1.144197940826416 32
1751469063668 1.1417039632797241 33
1751469064229 1.1202354431152344 34
1751469064801 1.126422643661499 35
1751469065667 1.1099069118499756 36
1751469066188 1.1044443845748901 37
1751469066760 1.107666254043579 38
1751469067369 1.0776094198226929 39
1751469068092 1.0937385559082031 40
1751469068849 1.0870506763458252 41
1751469069520 1.0850319862365723 42
1751469070180 1.0763003826141357 43
1751469042789 2.0635790824890137 0
