1751482340407 4.551459789276123 0 38f2be514d964332b2667154a7d7b5fa
1751482340939 3.448201894760132 1 38f2be514d964332b2667154a7d7b5fa
1751482341435 2.9169418811798096 2 38f2be514d964332b2667154a7d7b5fa
1751482341941 2.7280097007751465 3 38f2be514d964332b2667154a7d7b5fa
1751482342487 2.5247607231140137 4 38f2be514d964332b2667154a7d7b5fa
1751482343005 2.398747682571411 5 38f2be514d964332b2667154a7d7b5fa
1751482343568 2.324953317642212 6 38f2be514d964332b2667154a7d7b5fa
1751482344974 2.2655932903289795 7 38f2be514d964332b2667154a7d7b5fa
1751482347606 2.1438677310943604 8 38f2be514d964332b2667154a7d7b5fa
1751482350245 2.111567974090576 9 38f2be514d964332b2667154a7d7b5fa
1751482353008 2.024940252304077 10 38f2be514d964332b2667154a7d7b5fa
1751482354573 1.9736261367797852 11 38f2be514d964332b2667154a7d7b5fa
1751482357052 1.9583640098571777 12 38f2be514d964332b2667154a7d7b5fa
1751482358573 1.9170429706573486 13 38f2be514d964332b2667154a7d7b5fa
1751482361027 1.8302292823791504 14 38f2be514d964332b2667154a7d7b5fa
1751482362429 1.80778169631958 15 38f2be514d964332b2667154a7d7b5fa
1751482365156 1.7469916343688965 16 38f2be514d964332b2667154a7d7b5fa
1751482366571 1.7455105781555176 17 38f2be514d964332b2667154a7d7b5fa
1751482367860 1.686143159866333 18 38f2be514d964332b2667154a7d7b5fa
1751482369038 1.6978845596313477 19 38f2be514d964332b2667154a7d7b5fa
1751482370319 1.6413151025772095 20 38f2be514d964332b2667154a7d7b5fa
1751482371668 1.613034963607788 21 38f2be514d964332b2667154a7d7b5fa
1751482372825 1.5843031406402588 22 38f2be514d964332b2667154a7d7b5fa
1751482374327 1.5880571603775024 23 38f2be514d964332b2667154a7d7b5fa
1751482375667 1.5226258039474487 24 38f2be514d964332b2667154a7d7b5fa
1751482340407 4.551459789276123 0 38f2be514d964332b2667154a7d7b5fa
