1751479862661 0.10781195014715195 0 6917a262a0774dd18ba33ad060e73ebf
1751479863145 0.117002472281456 1 6917a262a0774dd18ba33ad060e73ebf
1751479863612 0.13750441372394562 2 6917a262a0774dd18ba33ad060e73ebf
1751479864035 0.14033226668834686 3 6917a262a0774dd18ba33ad060e73ebf
1751479864474 0.15977376699447632 4 6917a262a0774dd18ba33ad060e73ebf
1751479864926 0.18345704674720764 5 6917a262a0774dd18ba33ad060e73ebf
1751479865367 0.1838105320930481 6 6917a262a0774dd18ba33ad060e73ebf
1751479865830 0.21138212084770203 7 6917a262a0774dd18ba33ad060e73ebf
1751479866259 0.22304701805114746 8 6917a262a0774dd18ba33ad060e73ebf
1751479866683 0.25733473896980286 9 6917a262a0774dd18ba33ad060e73ebf
1751479867086 0.2410745918750763 10 6917a262a0774dd18ba33ad060e73ebf
1751479867499 0.2626369595527649 11 6917a262a0774dd18ba33ad060e73ebf
1751479867914 0.27076706290245056 12 6917a262a0774dd18ba33ad060e73ebf
1751479868331 0.27642276883125305 13 6917a262a0774dd18ba33ad060e73ebf
1751479868747 0.28525981307029724 14 6917a262a0774dd18ba33ad060e73ebf
1751479869188 0.2873806953430176 15 6917a262a0774dd18ba33ad060e73ebf
1751479869604 0.28278544545173645 16 6917a262a0774dd18ba33ad060e73ebf
1751479870008 0.2905620336532593 17 6917a262a0774dd18ba33ad060e73ebf
1751479870405 0.30258041620254517 18 6917a262a0774dd18ba33ad060e73ebf
1751479870877 0.3223753869533539 19 6917a262a0774dd18ba33ad060e73ebf
1751479871332 0.3244962990283966 20 6917a262a0774dd18ba33ad060e73ebf
1751479871785 0.3220219016075134 21 6917a262a0774dd18ba33ad060e73ebf
1751479872195 0.3237893283367157 22 6917a262a0774dd18ba33ad060e73ebf
1751479872573 0.32979851961135864 23 6917a262a0774dd18ba33ad060e73ebf
1751479872962 0.35595616698265076 24 6917a262a0774dd18ba33ad060e73ebf
1751479873371 0.33863556385040283 25 6917a262a0774dd18ba33ad060e73ebf
1751479873997 0.3485330641269684 26 6917a262a0774dd18ba33ad060e73ebf
1751479874422 0.3570166230201721 27 6917a262a0774dd18ba33ad060e73ebf
1751479874840 0.35595616698265076 28 6917a262a0774dd18ba33ad060e73ebf
1751479875263 0.3612583875656128 29 6917a262a0774dd18ba33ad060e73ebf
1751479862661 0.10781195014715195 0 6917a262a0774dd18ba33ad060e73ebf
