1751479862661 2.2528700828552246 0 6917a262a0774dd18ba33ad060e73ebf
1751479863145 2.2105214595794678 1 6917a262a0774dd18ba33ad060e73ebf
1751479863612 2.1850244998931885 2 6917a262a0774dd18ba33ad060e73ebf
1751479864035 2.164712429046631 3 6917a262a0774dd18ba33ad060e73ebf
1751479864474 2.134711265563965 4 6917a262a0774dd18ba33ad060e73ebf
1751479864926 2.092658281326294 5 6917a262a0774dd18ba33ad060e73ebf
1751479865367 2.033541440963745 6 6917a262a0774dd18ba33ad060e73ebf
1751479865830 1.9398338794708252 7 6917a262a0774dd18ba33ad060e73ebf
1751479866259 1.8624581098556519 8 6917a262a0774dd18ba33ad060e73ebf
1751479866683 1.789109230041504 9 6917a262a0774dd18ba33ad060e73ebf
1751479867086 1.7515661716461182 10 6917a262a0774dd18ba33ad060e73ebf
1751479867499 1.710759162902832 11 6917a262a0774dd18ba33ad060e73ebf
1751479867914 1.6837148666381836 12 6917a262a0774dd18ba33ad060e73ebf
1751479868331 1.6458643674850464 13 6917a262a0774dd18ba33ad060e73ebf
1751479868747 1.627164602279663 14 6917a262a0774dd18ba33ad060e73ebf
1751479869188 1.57441246509552 15 6917a262a0774dd18ba33ad060e73ebf
1751479869604 1.5879191160202026 16 6917a262a0774dd18ba33ad060e73ebf
1751479870008 1.5378165245056152 17 6917a262a0774dd18ba33ad060e73ebf
1751479870405 1.5140025615692139 18 6917a262a0774dd18ba33ad060e73ebf
1751479870877 1.5078946352005005 19 6917a262a0774dd18ba33ad060e73ebf
1751479871332 1.466991901397705 20 6917a262a0774dd18ba33ad060e73ebf
1751479871785 1.4699739217758179 21 6917a262a0774dd18ba33ad060e73ebf
1751479872195 1.440123200416565 22 6917a262a0774dd18ba33ad060e73ebf
1751479872573 1.43550443649292 23 6917a262a0774dd18ba33ad060e73ebf
1751479872962 1.3923557996749878 24 6917a262a0774dd18ba33ad060e73ebf
1751479873371 1.4114990234375 25 6917a262a0774dd18ba33ad060e73ebf
1751479873997 1.3792126178741455 26 6917a262a0774dd18ba33ad060e73ebf
1751479874422 1.3520821332931519 27 6917a262a0774dd18ba33ad060e73ebf
1751479874840 1.3428231477737427 28 6917a262a0774dd18ba33ad060e73ebf
1751479875263 1.3330610990524292 29 6917a262a0774dd18ba33ad060e73ebf
1751479862661 2.2528700828552246 0 6917a262a0774dd18ba33ad060e73ebf
