1751469087599 0.11271574348211288 0 0ac7d2ebdde64e57a8bc57672607ad7b
1751469088300 0.1415991485118866 1 0ac7d2ebdde64e57a8bc57672607ad7b
1751469089029 0.174004927277565 2 0ac7d2ebdde64e57a8bc57672607ad7b
1751469089761 0.18774215877056122 3 0ac7d2ebdde64e57a8bc57672607ad7b
1751469090476 0.20676293969154358 4 0ac7d2ebdde64e57a8bc57672607ad7b
1751469091155 0.22895385324954987 5 0ac7d2ebdde64e57a8bc57672607ad7b
1751469091904 0.22085241973400116 6 0ac7d2ebdde64e57a8bc57672607ad7b
1751469092667 0.2553716003894806 7 0ac7d2ebdde64e57a8bc57672607ad7b
1751469093382 0.2493835836648941 8 0ac7d2ebdde64e57a8bc57672607ad7b
1751469094155 0.25466713309288025 9 0ac7d2ebdde64e57a8bc57672607ad7b
1751469094858 0.2645297646522522 10 0ac7d2ebdde64e57a8bc57672607ad7b
1751469095594 0.2948221266269684 11 0ac7d2ebdde64e57a8bc57672607ad7b
1751469096305 0.3029235601425171 12 0ac7d2ebdde64e57a8bc57672607ad7b
1751469096981 0.3152518570423126 13 0ac7d2ebdde64e57a8bc57672607ad7b
1751469097711 0.31630855798721313 14 0ac7d2ebdde64e57a8bc57672607ad7b
1751469098419 0.3212398588657379 15 0ac7d2ebdde64e57a8bc57672607ad7b
1751469099147 0.3342726230621338 16 0ac7d2ebdde64e57a8bc57672607ad7b
1751469099887 0.3282846212387085 17 0ac7d2ebdde64e57a8bc57672607ad7b
1751469100739 0.3501232862472534 18 0ac7d2ebdde64e57a8bc57672607ad7b
1751469101483 0.3469531536102295 19 0ac7d2ebdde64e57a8bc57672607ad7b
1751469102246 0.35223671793937683 20 0ac7d2ebdde64e57a8bc57672607ad7b
1751469102983 0.36738288402557373 21 0ac7d2ebdde64e57a8bc57672607ad7b
1751469103718 0.3691440522670746 22 0ac7d2ebdde64e57a8bc57672607ad7b
1751469104469 0.3628038167953491 23 0ac7d2ebdde64e57a8bc57672607ad7b
1751469105257 0.3828812837600708 24 0ac7d2ebdde64e57a8bc57672607ad7b
1751469106020 0.3934483826160431 25 0ac7d2ebdde64e57a8bc57672607ad7b
1751469106765 0.3969707787036896 26 0ac7d2ebdde64e57a8bc57672607ad7b
1751469107534 0.3930961489677429 27 0ac7d2ebdde64e57a8bc57672607ad7b
1751469108250 0.38816484808921814 28 0ac7d2ebdde64e57a8bc57672607ad7b
1751469108992 0.4082423448562622 29 0ac7d2ebdde64e57a8bc57672607ad7b
1751469109679 0.4001408815383911 30 0ac7d2ebdde64e57a8bc57672607ad7b
1751469110425 0.41141247749328613 31 0ac7d2ebdde64e57a8bc57672607ad7b
1751469111146 0.41810497641563416 32 0ac7d2ebdde64e57a8bc57672607ad7b
1751469111849 0.41106024384498596 33 0ac7d2ebdde64e57a8bc57672607ad7b
1751469112614 0.40331101417541504 34 0ac7d2ebdde64e57a8bc57672607ad7b
1751469113386 0.4247974753379822 35 0ac7d2ebdde64e57a8bc57672607ad7b
1751469114083 0.42972877621650696 36 0ac7d2ebdde64e57a8bc57672607ad7b
1751469114829 0.42514970898628235 37 0ac7d2ebdde64e57a8bc57672607ad7b
1751469115676 0.419866144657135 38 0ac7d2ebdde64e57a8bc57672607ad7b
1751469116517 0.4441704750061035 39 0ac7d2ebdde64e57a8bc57672607ad7b
1751469117324 0.4314899742603302 40 0ac7d2ebdde64e57a8bc57672607ad7b
1751469118093 0.443113774061203 41 0ac7d2ebdde64e57a8bc57672607ad7b
1751469118852 0.4374779760837555 42 0ac7d2ebdde64e57a8bc57672607ad7b
1751469119699 0.4536808729171753 43 0ac7d2ebdde64e57a8bc57672607ad7b
1751469120498 0.4476928412914276 44 0ac7d2ebdde64e57a8bc57672607ad7b
1751469121243 0.44628390669822693 45 0ac7d2ebdde64e57a8bc57672607ad7b
1751469122035 0.4526241719722748 46 0ac7d2ebdde64e57a8bc57672607ad7b
1751469122833 0.4719971716403961 47 0ac7d2ebdde64e57a8bc57672607ad7b
1751469123611 0.44945403933525085 48 0ac7d2ebdde64e57a8bc57672607ad7b
1751469124364 0.4547375738620758 49 0ac7d2ebdde64e57a8bc57672607ad7b
1751469087599 0.11271574348211288 0 0ac7d2ebdde64e57a8bc57672607ad7b
