1751481712987 0.15447154641151428 0 b489891ae4104cb3b7f60336735eaa30
1751481713486 0.16507600247859955 1 b489891ae4104cb3b7f60336735eaa30
1751481713952 0.17391304671764374 2 b489891ae4104cb3b7f60336735eaa30
1751481714485 0.17214563488960266 3 b489891ae4104cb3b7f60336735eaa30
1751481715005 0.17886178195476532 4 b489891ae4104cb3b7f60336735eaa30
1751481715511 0.18204312026500702 5 b489891ae4104cb3b7f60336735eaa30
1751481716027 0.1813361644744873 6 b489891ae4104cb3b7f60336735eaa30
1751481716506 0.18310357630252838 7 b489891ae4104cb3b7f60336735eaa30
1751481717041 0.1838105320930481 8 b489891ae4104cb3b7f60336735eaa30
1751481717582 0.19264757633209229 9 b489891ae4104cb3b7f60336735eaa30
1751481718062 0.19300106167793274 10 b489891ae4104cb3b7f60336735eaa30
1751481718562 0.19865676760673523 11 b489891ae4104cb3b7f60336735eaa30
1751481712987 0.15447154641151428 0 b489891ae4104cb3b7f60336735eaa30
