1751481712987 3.54953932762146 0 b489891ae4104cb3b7f60336735eaa30
1751481713486 3.3302035331726074 1 b489891ae4104cb3b7f60336735eaa30
1751481713952 3.2567763328552246 2 b489891ae4104cb3b7f60336735eaa30
1751481714485 3.2126100063323975 3 b489891ae4104cb3b7f60336735eaa30
1751481715005 3.1653366088867188 4 b489891ae4104cb3b7f60336735eaa30
1751481715511 3.147700786590576 5 b489891ae4104cb3b7f60336735eaa30
1751481716027 3.12433123588562 6 b489891ae4104cb3b7f60336735eaa30
1751481716506 3.131540060043335 7 b489891ae4104cb3b7f60336735eaa30
1751481717041 3.126624584197998 8 b489891ae4104cb3b7f60336735eaa30
1751481717582 3.090566873550415 9 b489891ae4104cb3b7f60336735eaa30
1751481718062 3.086205005645752 10 b489891ae4104cb3b7f60336735eaa30
1751481718562 3.0760300159454346 11 b489891ae4104cb3b7f60336735eaa30
1751481712987 3.54953932762146 0 b489891ae4104cb3b7f60336735eaa30
