1751469225482 2.2534775733947754 0
1751469226117 2.1583666801452637 1
1751469226780 2.119030237197876 2
1751469227478 2.086632251739502 3
1751469228174 2.0691676139831543 4
1751469228819 2.054903745651245 5
1751469229487 2.023956537246704 6
1751469230136 2.018357276916504 7
1751469230732 1.9961644411087036 8
1751469231506 1.981917381286621 9
1751469232266 1.967878818511963 10
1751469232909 1.9256716966629028 11
1751469233582 1.9056692123413086 12
1751469234222 1.8934272527694702 13
1751469234898 1.876242995262146 14
1751469235742 1.8467868566513062 15
1751469236606 1.8428611755371094 16
1751469237323 1.8317643404006958 17
1751469237998 1.8119310140609741 18
1751469238682 1.7966606616973877 19
1751469239365 1.7775365114212036 20
1751469240096 1.77434504032135 21
1751469240733 1.7573109865188599 22
1751469241418 1.7313302755355835 23
1751469242073 1.7363700866699219 24
1751469242726 1.7268459796905518 25
1751469243377 1.7142691612243652 26
1751469244003 1.6933388710021973 27
1751469244686 1.6846643686294556 28
1751469245357 1.675363540649414 29
1751469246051 1.6610939502716064 30
1751469246676 1.6549646854400635 31
1751469247306 1.648038625717163 32
1751469247934 1.6459542512893677 33
1751469248644 1.6298648118972778 34
1751469249388 1.6159206628799438 35
1751469250162 1.6224299669265747 36
1751469250866 1.6226365566253662 37
1751469251566 1.5826345682144165 38
1751469252259 1.5999835729599 39
1751469252963 1.5855743885040283 40
1751469253617 1.571630597114563 41
1751469254332 1.5735081434249878 42
1751469255135 1.56055748462677 43
1751469255857 1.5587340593338013 44
1751469256541 1.5514963865280151 45
1751469257165 1.5454015731811523 46
1751469257890 1.5339726209640503 47
1751469258648 1.530609130859375 48
1751469259400 1.511917233467102 49
1751469225482 2.2534775733947754 0
