1751469859307 2.217494487762451 0 fb1c6d67df3f4502b6fb3b14ca5a593c
1751469859790 2.090014934539795 1 fb1c6d67df3f4502b6fb3b14ca5a593c
1751469860209 1.9374068975448608 2 fb1c6d67df3f4502b6fb3b14ca5a593c
1751469860672 1.7957264184951782 3 fb1c6d67df3f4502b6fb3b14ca5a593c
1751469861104 1.684752106666565 4 fb1c6d67df3f4502b6fb3b14ca5a593c
1751469861521 1.6182794570922852 5 fb1c6d67df3f4502b6fb3b14ca5a593c
1751469861950 1.5598666667938232 6 fb1c6d67df3f4502b6fb3b14ca5a593c
1751469862348 1.513464093208313 7 fb1c6d67df3f4502b6fb3b14ca5a593c
1751469862797 1.4777028560638428 8 fb1c6d67df3f4502b6fb3b14ca5a593c
1751469863237 1.4397609233856201 9 fb1c6d67df3f4502b6fb3b14ca5a593c
1751469863686 1.41783607006073 10 fb1c6d67df3f4502b6fb3b14ca5a593c
1751469864195 1.3684885501861572 11 fb1c6d67df3f4502b6fb3b14ca5a593c
1751469864718 1.3547790050506592 12 fb1c6d67df3f4502b6fb3b14ca5a593c
1751469865135 1.333176851272583 13 fb1c6d67df3f4502b6fb3b14ca5a593c
1751469865598 1.3260772228240967 14 fb1c6d67df3f4502b6fb3b14ca5a593c
1751469866022 1.3033891916275024 15 fb1c6d67df3f4502b6fb3b14ca5a593c
1751469866463 1.295197606086731 16 fb1c6d67df3f4502b6fb3b14ca5a593c
1751469866913 1.2729710340499878 17 fb1c6d67df3f4502b6fb3b14ca5a593c
1751469867414 1.2421702146530151 18 fb1c6d67df3f4502b6fb3b14ca5a593c
1751469867892 1.2444140911102295 19 fb1c6d67df3f4502b6fb3b14ca5a593c
1751469868330 1.2264283895492554 20 fb1c6d67df3f4502b6fb3b14ca5a593c
1751469868754 1.204425573348999 21 fb1c6d67df3f4502b6fb3b14ca5a593c
1751469869210 1.1955182552337646 22 fb1c6d67df3f4502b6fb3b14ca5a593c
1751469869648 1.1676892042160034 23 fb1c6d67df3f4502b6fb3b14ca5a593c
1751469859307 2.217494487762451 0 fb1c6d67df3f4502b6fb3b14ca5a593c
