1751469087599 0.11271574348211288 0
1751469088300 0.1415991485118866 1
1751469089029 0.174004927277565 2
1751469089761 0.18774215877056122 3
1751469090476 0.20676293969154358 4
1751469091155 0.22895385324954987 5
1751469091904 0.22085241973400116 6
1751469092667 0.2553716003894806 7
1751469093382 0.2493835836648941 8
1751469094155 0.25466713309288025 9
1751469094858 0.2645297646522522 10
1751469095594 0.2948221266269684 11
1751469096305 0.3029235601425171 12
1751469096981 0.3152518570423126 13
1751469097711 0.31630855798721313 14
1751469098419 0.3212398588657379 15
1751469099147 0.3342726230621338 16
1751469099887 0.3282846212387085 17
1751469100739 0.3501232862472534 18
1751469101483 0.3469531536102295 19
1751469102246 0.35223671793937683 20
1751469102983 0.36738288402557373 21
1751469103718 0.3691440522670746 22
1751469104469 0.3628038167953491 23
1751469105257 0.3828812837600708 24
1751469106020 0.3934483826160431 25
1751469106765 0.3969707787036896 26
1751469107534 0.3930961489677429 27
1751469108250 0.38816484808921814 28
1751469108992 0.4082423448562622 29
1751469109679 0.4001408815383911 30
1751469110425 0.41141247749328613 31
1751469111146 0.41810497641563416 32
1751469111849 0.41106024384498596 33
1751469112614 0.40331101417541504 34
1751469113386 0.4247974753379822 35
1751469114083 0.42972877621650696 36
1751469114829 0.42514970898628235 37
1751469115676 0.419866144657135 38
1751469116517 0.4441704750061035 39
1751469117324 0.4314899742603302 40
1751469118093 0.443113774061203 41
1751469118852 0.4374779760837555 42
1751469119699 0.4536808729171753 43
1751469120498 0.4476928412914276 44
1751469121243 0.44628390669822693 45
1751469122035 0.4526241719722748 46
1751469122833 0.4719971716403961 47
1751469123611 0.44945403933525085 48
1751469124364 0.4547375738620758 49
1751469087599 0.11271574348211288 0
