1751469087599 3.289931058883667 0
1751469088300 2.9209630489349365 1
1751469089029 2.7301907539367676 2
1751469089761 2.670140266418457 3
1751469090476 2.542074680328369 4
1751469091155 2.4729411602020264 5
1751469091904 2.457632541656494 6
1751469092667 2.401776075363159 7
1751469093382 2.328599214553833 8
1751469094155 2.310188055038452 9
1751469094858 2.2742562294006348 10
1751469095594 2.1874523162841797 11
1751469096305 2.1050169467926025 12
1751469096981 2.12204647064209 13
1751469097711 2.04952335357666 14
1751469098419 2.036349058151245 15
1751469099147 2.012061834335327 16
1751469099887 2.0059497356414795 17
1751469100739 1.9776155948638916 18
1751469101483 1.9106252193450928 19
1751469102246 1.9116932153701782 20
1751469102983 1.8863403797149658 21
1751469103718 1.8527932167053223 22
1751469104469 1.8455193042755127 23
1751469105257 1.8185958862304688 24
1751469106020 1.8044202327728271 25
1751469106765 1.7544418573379517 26
1751469107534 1.745634913444519 27
1751469108250 1.7422422170639038 28
1751469108992 1.684079647064209 29
1751469109679 1.7152061462402344 30
1751469110425 1.6757017374038696 31
1751469111146 1.665101170539856 32
1751469111849 1.6550822257995605 33
1751469112614 1.660959243774414 34
1751469113386 1.6366417407989502 35
1751469114083 1.609226107597351 36
1751469114829 1.6008415222167969 37
1751469115676 1.6019536256790161 38
1751469116517 1.560586929321289 39
1751469117324 1.5763427019119263 40
1751469118093 1.5690807104110718 41
1751469118852 1.5507941246032715 42
1751469119699 1.5525509119033813 43
1751469120498 1.5332789421081543 44
1751469121243 1.5183894634246826 45
1751469122035 1.4898450374603271 46
1751469122833 1.4820481538772583 47
1751469123611 1.5036208629608154 48
1751469124364 1.4631760120391846 49
1751469087599 3.289931058883667 0
