1751480108686 2.332941770553589 0
1751480109159 2.2552592754364014 1
1751480109626 2.2051045894622803 2
1751480110072 2.1679558753967285 3
1751480110514 2.109041452407837 4
1751480110968 2.0626060962677 5
1751480111421 2.013094425201416 6
1751480111878 1.951738715171814 7
1751480112332 1.8978352546691895 8
1751480112752 1.8526685237884521 9
1751480113201 1.7825374603271484 10
1751480113642 1.7518295049667358 11
1751480114107 1.6971663236618042 12
1751480114552 1.6219422817230225 13
1751480115007 1.617274522781372 14
1751480115470 1.565317153930664 15
1751480115892 1.5404953956604004 16
1751480116343 1.527673363685608 17
1751480116789 1.4801689386367798 18
1751480117239 1.4217050075531006 19
1751480117712 1.416844129562378 20
1751480118193 1.4038945436477661 21
1751480118708 1.3471609354019165 22
1751480119149 1.3439428806304932 23
1751480119627 1.3067742586135864 24
1751480120085 1.2813373804092407 25
1751480120534 1.2668992280960083 26
1751480121015 1.2468163967132568 27
1751480121521 1.213266134262085 28
1751480122014 1.195162057876587 29
1751480122476 1.1811903715133667 30
1751480108686 2.332941770553589 0
