1751484082485 0.144729346036911 0 01a5a8ebff1345128d578aa598992169
1751484083463 0.2102564126253128 1 01a5a8ebff1345128d578aa598992169
1751484084667 0.22165241837501526 2 01a5a8ebff1345128d578aa598992169
1751484085613 0.21994301676750183 3 01a5a8ebff1345128d578aa598992169
1751484086808 0.2501424551010132 4 01a5a8ebff1345128d578aa598992169
1751484087780 0.2598290741443634 5 01a5a8ebff1345128d578aa598992169
1751484089415 0.2717948853969574 6 01a5a8ebff1345128d578aa598992169
1751484090424 0.28603988885879517 7 01a5a8ebff1345128d578aa598992169
1751484091385 0.2849002778530121 8 01a5a8ebff1345128d578aa598992169
1751484092251 0.3145299255847931 9 01a5a8ebff1345128d578aa598992169
1751484093561 0.31282052397727966 10 01a5a8ebff1345128d578aa598992169
1751484094511 0.3173789083957672 11 01a5a8ebff1345128d578aa598992169
1751484095897 0.34358975291252136 12 01a5a8ebff1345128d578aa598992169
1751484097091 0.349287748336792 13 01a5a8ebff1345128d578aa598992169
1751484098591 0.34985753893852234 14 01a5a8ebff1345128d578aa598992169
1751484082485 0.144729346036911 0 01a5a8ebff1345128d578aa598992169
