1751484082485 4.813121318817139 0 01a5a8ebff1345128d578aa598992169
1751484083463 3.6655337810516357 1 01a5a8ebff1345128d578aa598992169
1751484084667 3.3047268390655518 2 01a5a8ebff1345128d578aa598992169
1751484085613 3.193366289138794 3 01a5a8ebff1345128d578aa598992169
1751484086808 2.9520299434661865 4 01a5a8ebff1345128d578aa598992169
1751484087780 2.938098192214966 5 01a5a8ebff1345128d578aa598992169
1751484089415 2.8287463188171387 6 01a5a8ebff1345128d578aa598992169
1751484090424 2.7462375164031982 7 01a5a8ebff1345128d578aa598992169
1751484091385 2.720123291015625 8 01a5a8ebff1345128d578aa598992169
1751484092251 2.610379934310913 9 01a5a8ebff1345128d578aa598992169
1751484093561 2.589177370071411 10 01a5a8ebff1345128d578aa598992169
1751484094511 2.5088469982147217 11 01a5a8ebff1345128d578aa598992169
1751484095897 2.4493114948272705 12 01a5a8ebff1345128d578aa598992169
1751484097091 2.373006820678711 13 01a5a8ebff1345128d578aa598992169
1751484098591 2.3419485092163086 14 01a5a8ebff1345128d578aa598992169
1751484082485 4.813121318817139 0 01a5a8ebff1345128d578aa598992169
