1751483765529 4.549902439117432 0
1751483766846 3.6281473636627197 1
1751483768215 3.2540760040283203 2
1751483769620 3.0781404972076416 3
1751483772135 2.902437210083008 4
1751483773455 2.8002493381500244 5
1751483774792 2.737145185470581 6
1751483775876 2.6474881172180176 7
1751483776881 2.570878744125366 8
1751483780009 2.487971067428589 9
1751483781503 2.3576197624206543 10
1751483782629 2.379730701446533 11
1751483783648 2.309252977371216 12
1751483785004 2.2258453369140625 13
1751483786053 2.2472591400146484 14
1751483787442 2.1590352058410645 15
1751483789922 2.116858720779419 16
1751483791295 2.0821542739868164 17
1751483765529 4.549902439117432 0
