1751480130834 0.09897490590810776 0
1751480131182 0.11876988410949707 1
1751480131536 0.13078826665878296 2
1751480131868 0.12619300186634064 3
1751480132211 0.11947684735059738 4
1751480132566 0.14068575203418732 5
1751480132885 0.13149522244930267 6
1751480133230 0.14103923738002777 7
1751480133566 0.14422057569026947 8
1751480133905 0.14775538444519043 9
1751480134240 0.14598798751831055 10
1751480134579 0.1431601345539093 11
1751480134889 0.14033226668834686 12
1751480135229 0.15129020810127258 13
1751480135577 0.155178502202034 14
1751480135929 0.16436903178691864 15
1751480136261 0.1558854728937149 16
1751480136601 0.1710851937532425 17
1751480136929 0.15942029654979706 18
1751480137259 0.16189466416835785 19
1751480137580 0.16684341430664062 20
1751480137911 0.16648992896080017 21
1751480138250 0.16330859065055847 22
1751480138921 0.17603392899036407 23
1751480139261 0.1717921495437622 24
1751480139588 0.16896429657936096 25
1751480139932 0.1813361644744873 26
1751480140286 0.18204312026500702 27
1751480140648 0.17709438502788544 28
1751480140981 0.19194062054157257 29
1751480141348 0.19476847350597382 30
1751480141709 0.18840579688549042 31
1751480142043 0.18204312026500702 32
1751480142423 0.17532697319984436 33
1751480142772 0.17992223799228668 34
1751480143148 0.20572640001773834 35
1751480143499 0.20113113522529602 36
1751480143902 0.18663838505744934 37
1751480144265 0.20395900309085846 38
1751480144629 0.19158713519573212 39
1751480144976 0.19300106167793274 40
1751480145393 0.19370801746845245 41
1751480145777 0.20537292957305908 42
1751480146125 0.20890773832798004 43
1751480146474 0.20820078253746033 44
1751480146798 0.20643337070941925 45
1751480147134 0.21527041494846344 46
1751480147484 0.21774478256702423 47
1751480147800 0.2195121943950653 48
1751480148141 0.2131495177745819 49
1751480130834 0.09897490590810776 0
