1751480130834 2.3854916095733643 0
1751480131182 2.324521064758301 1
1751480131536 2.31301212310791 2
1751480131868 2.3086256980895996 3
1751480132211 2.3015754222869873 4
1751480132566 2.292996883392334 5
1751480132885 2.290152072906494 6
1751480133230 2.284503221511841 7
1751480133566 2.2674195766448975 8
1751480133905 2.264984369277954 9
1751480134240 2.2710611820220947 10
1751480134579 2.2603976726531982 11
1751480134889 2.258042335510254 12
1751480135229 2.2483580112457275 13
1751480135577 2.2538435459136963 14
1751480135929 2.2433688640594482 15
1751480136261 2.2413394451141357 16
1751480136601 2.2258200645446777 17
1751480136929 2.22357439994812 18
1751480137259 2.229334831237793 19
1751480137580 2.2165541648864746 20
1751480137911 2.21880841255188 21
1751480138250 2.2041091918945312 22
1751480138921 2.21809458732605 23
1751480139261 2.1982343196868896 24
1751480139588 2.204530954360962 25
1751480139932 2.1868138313293457 26
1751480140286 2.180863857269287 27
1751480140648 2.1851015090942383 28
1751480140981 2.168426752090454 29
1751480141348 2.1702756881713867 30
1751480141709 2.169848918914795 31
1751480142043 2.172619104385376 32
1751480142423 2.163545846939087 33
1751480142772 2.165604591369629 34
1751480143148 2.1501314640045166 35
1751480143499 2.1470606327056885 36
1751480143902 2.152759075164795 37
1751480144265 2.1283276081085205 38
1751480144629 2.136488676071167 39
1751480144976 2.129666805267334 40
1751480145393 2.111067056655884 41
1751480145777 2.1262710094451904 42
1751480146125 2.1089584827423096 43
1751480146474 2.104832649230957 44
1751480146798 2.093400239944458 45
1751480147134 2.0797719955444336 46
1751480147484 2.0693142414093018 47
1751480147800 2.062439203262329 48
1751480148141 2.069366693496704 49
1751480130834 2.3854916095733643 0
