1751469936479 2.3262524604797363 0
1751469936812 2.2924764156341553 1
1751469937211 2.259014368057251 2
1751469937537 2.248502254486084 3
1751469937868 2.222909688949585 4
1751469938197 2.213973045349121 5
1751469938542 2.2056796550750732 6
1751469938917 2.1913530826568604 7
1751469939290 2.17966365814209 8
1751469939656 2.1691091060638428 9
1751469940027 2.1495442390441895 10
1751469940370 2.1326160430908203 11
1751469940755 2.1155498027801514 12
1751469941121 2.0853772163391113 13
1751469941473 2.081609010696411 14
1751469941835 2.075234889984131 15
1751469942178 2.0531840324401855 16
1751469942505 2.0175845623016357 17
1751469942886 2.017674207687378 18
1751469943251 1.9925227165222168 19
1751469943657 1.9717553853988647 20
1751469944037 1.9754546880722046 21
1751469944400 1.941970944404602 22
1751469944778 1.9205161333084106 23
1751469945219 1.913456916809082 24
1751469945577 1.9161139726638794 25
1751469945946 1.8823245763778687 26
1751469946343 1.8776360750198364 27
1751469946707 1.8480310440063477 28
1751469947051 1.8378852605819702 29
1751469947500 1.8358439207077026 30
1751469947853 1.8258440494537354 31
1751469948256 1.80615234375 32
1751469948612 1.7910487651824951 33
1751469948961 1.7882262468338013 34
1751469949298 1.7731602191925049 35
1751469949688 1.756797432899475 36
1751469950095 1.7523622512817383 37
1751469950480 1.7323254346847534 38
1751469950872 1.7178945541381836 39
1751469951293 1.7354705333709717 40
1751469951668 1.7114684581756592 41
1751469952080 1.6721245050430298 42
1751469952487 1.6823526620864868 43
1751469952871 1.6942836046218872 44
1751469953247 1.680000901222229 45
1751469953645 1.6717498302459717 46
1751469954005 1.6582304239273071 47
1751469954411 1.6431502103805542 48
1751469954750 1.6230874061584473 49
1751469936479 2.3262524604797363 0
