1751483852083 0.16239316761493683 0 e235ee44344c4713b0443b2dfe35a9d5
1751483853279 0.16353276371955872 1 e235ee44344c4713b0443b2dfe35a9d5
1751483854642 0.1675213724374771 2 e235ee44344c4713b0443b2dfe35a9d5
1751483855859 0.17094017565250397 3 e235ee44344c4713b0443b2dfe35a9d5
1751483857418 0.16923077404499054 4 e235ee44344c4713b0443b2dfe35a9d5
1751483859813 0.1675213724374771 5 e235ee44344c4713b0443b2dfe35a9d5
1751483860845 0.1726495772600174 6 e235ee44344c4713b0443b2dfe35a9d5
1751483861763 0.17606838047504425 7 e235ee44344c4713b0443b2dfe35a9d5
1751483862862 0.17891737818717957 8 e235ee44344c4713b0443b2dfe35a9d5
1751483864204 0.17891737818717957 9 e235ee44344c4713b0443b2dfe35a9d5
1751483865680 0.18575498461723328 10 e235ee44344c4713b0443b2dfe35a9d5
1751483867055 0.18803419172763824 11 e235ee44344c4713b0443b2dfe35a9d5
1751483869741 0.19658119976520538 12 e235ee44344c4713b0443b2dfe35a9d5
1751483872258 0.19658119976520538 13 e235ee44344c4713b0443b2dfe35a9d5
1751483873317 0.21709401905536652 14 e235ee44344c4713b0443b2dfe35a9d5
1751483874846 0.20797720551490784 15 e235ee44344c4713b0443b2dfe35a9d5
1751483876177 0.2210826277732849 16 e235ee44344c4713b0443b2dfe35a9d5
1751483877239 0.23646724224090576 17 e235ee44344c4713b0443b2dfe35a9d5
1751483878345 0.2558404505252838 18 e235ee44344c4713b0443b2dfe35a9d5
1751483879531 0.24045583605766296 19 e235ee44344c4713b0443b2dfe35a9d5
1751483880588 0.25527065992355347 20 e235ee44344c4713b0443b2dfe35a9d5
1751483881897 0.2541310489177704 21 e235ee44344c4713b0443b2dfe35a9d5
1751483883289 0.2609686553478241 22 e235ee44344c4713b0443b2dfe35a9d5
1751483885646 0.2837606966495514 23 e235ee44344c4713b0443b2dfe35a9d5
1751483886714 0.27521368861198425 24 e235ee44344c4713b0443b2dfe35a9d5
1751483887999 0.2797720730304718 25 e235ee44344c4713b0443b2dfe35a9d5
1751483889041 0.2945868968963623 26 e235ee44344c4713b0443b2dfe35a9d5
1751483890017 0.2985754907131195 27 e235ee44344c4713b0443b2dfe35a9d5
1751483890948 0.3025641143321991 28 e235ee44344c4713b0443b2dfe35a9d5
1751483892271 0.3076923191547394 29 e235ee44344c4713b0443b2dfe35a9d5
1751483852083 0.16239316761493683 0 e235ee44344c4713b0443b2dfe35a9d5
