1751483852083 3.434623956680298 0 e235ee44344c4713b0443b2dfe35a9d5
1751483853279 3.28266978263855 1 e235ee44344c4713b0443b2dfe35a9d5
1751483854642 3.233510732650757 2 e235ee44344c4713b0443b2dfe35a9d5
1751483855859 3.207610845565796 3 e235ee44344c4713b0443b2dfe35a9d5
1751483857418 3.194023609161377 4 e235ee44344c4713b0443b2dfe35a9d5
1751483859813 3.2000222206115723 5 e235ee44344c4713b0443b2dfe35a9d5
1751483860845 3.16939377784729 6 e235ee44344c4713b0443b2dfe35a9d5
1751483861763 3.1489830017089844 7 e235ee44344c4713b0443b2dfe35a9d5
1751483862862 3.1340584754943848 8 e235ee44344c4713b0443b2dfe35a9d5
1751483864204 3.1130640506744385 9 e235ee44344c4713b0443b2dfe35a9d5
1751483865680 3.086989402770996 10 e235ee44344c4713b0443b2dfe35a9d5
1751483867055 3.0728116035461426 11 e235ee44344c4713b0443b2dfe35a9d5
1751483869741 3.046426773071289 12 e235ee44344c4713b0443b2dfe35a9d5
1751483872258 3.0307626724243164 13 e235ee44344c4713b0443b2dfe35a9d5
1751483873317 3.002178192138672 14 e235ee44344c4713b0443b2dfe35a9d5
1751483874846 2.9874932765960693 15 e235ee44344c4713b0443b2dfe35a9d5
1751483876177 2.9621024131774902 16 e235ee44344c4713b0443b2dfe35a9d5
1751483877239 2.922227621078491 17 e235ee44344c4713b0443b2dfe35a9d5
1751483878345 2.8691518306732178 18 e235ee44344c4713b0443b2dfe35a9d5
1751483879531 2.857974052429199 19 e235ee44344c4713b0443b2dfe35a9d5
1751483880588 2.8316876888275146 20 e235ee44344c4713b0443b2dfe35a9d5
1751483881897 2.8237767219543457 21 e235ee44344c4713b0443b2dfe35a9d5
1751483883289 2.8092823028564453 22 e235ee44344c4713b0443b2dfe35a9d5
1751483885646 2.7487030029296875 23 e235ee44344c4713b0443b2dfe35a9d5
1751483886714 2.7730069160461426 24 e235ee44344c4713b0443b2dfe35a9d5
1751483887999 2.709764003753662 25 e235ee44344c4713b0443b2dfe35a9d5
1751483889041 2.631359815597534 26 e235ee44344c4713b0443b2dfe35a9d5
1751483890017 2.6478006839752197 27 e235ee44344c4713b0443b2dfe35a9d5
1751483890948 2.6296896934509277 28 e235ee44344c4713b0443b2dfe35a9d5
1751483892271 2.6135060787200928 29 e235ee44344c4713b0443b2dfe35a9d5
1751483852083 3.434623956680298 0 e235ee44344c4713b0443b2dfe35a9d5
