1751484138429 0.15498575568199158 0
1751484139678 0.16011396050453186 1
1751484141032 0.16410256922245026 2
1751484142323 0.16011396050453186 3
1751484143575 0.16524216532707214 4
1751484144914 0.168660968542099 5
1751484146336 0.16239316761493683 6
1751484148924 0.1675213724374771 7
1751484150207 0.16923077404499054 8
1751484151575 0.16581197082996368 9
1751484153000 0.16923077404499054 10
1751484154219 0.1766381710767746 11
1751484155478 0.1698005646467209 12
1751484156784 0.1726495772600174 13
1751484158267 0.17891737818717957 14
1751484160756 0.17891737818717957 15
1751484161705 0.1834757775068283 16
1751484162930 0.18290598690509796 17
1751484164263 0.19202278554439545 18
1751484166736 0.18632479012012482 19
1751484168055 0.1954415887594223 20
1751484169238 0.19316239655017853 21
1751484170338 0.19715099036693573 22
1751484171580 0.2034188061952591 23
1751484172752 0.1994301974773407 24
1751484174000 0.2102564126253128 25
1751484175399 0.19658119976520538 26
1751484176442 0.2142450213432312 27
1751484177468 0.2182336151599884 28
1751484178560 0.21994301676750183 29
1751484138429 0.15498575568199158 0
