1751484138429 3.5407278537750244 0
1751484139678 3.2357981204986572 1
1751484141032 3.2096705436706543 2
1751484142323 3.206233501434326 3
1751484143575 3.1905343532562256 4
1751484144914 3.187443494796753 5
1751484146336 3.1693599224090576 6
1751484148924 3.14152193069458 7
1751484150207 3.1454641819000244 8
1751484151575 3.1249701976776123 9
1751484153000 3.124316692352295 10
1751484154219 3.106194257736206 11
1751484155478 3.118582010269165 12
1751484156784 3.100094795227051 13
1751484158267 3.095167636871338 14
1751484160756 3.0714123249053955 15
1751484161705 3.069960355758667 16
1751484162930 3.0764245986938477 17
1751484164263 3.0639305114746094 18
1751484166736 3.0417819023132324 19
1751484168055 3.0339407920837402 20
1751484169238 3.033402919769287 21
1751484170338 3.0192384719848633 22
1751484171580 2.9978466033935547 23
1751484172752 2.9979724884033203 24
1751484174000 2.9835619926452637 25
1751484175399 3.0085251331329346 26
1751484176442 2.9728665351867676 27
1751484177468 2.9695725440979004 28
1751484178560 2.95444917678833 29
1751484138429 3.5407278537750244 0
