1751482280541 0.16401554644107819 0 2a31c2c4bed849fca0b9b3f436c038fd
1751482281025 0.17249912023544312 1 2a31c2c4bed849fca0b9b3f436c038fd
1751482281504 0.1749734878540039 2 2a31c2c4bed849fca0b9b3f436c038fd
1751482281989 0.1749734878540039 3 2a31c2c4bed849fca0b9b3f436c038fd
1751482282661 0.18027570843696594 4 2a31c2c4bed849fca0b9b3f436c038fd
1751482283115 0.18310357630252838 5 2a31c2c4bed849fca0b9b3f436c038fd
1751482283565 0.18593142926692963 6 2a31c2c4bed849fca0b9b3f436c038fd
1751482284048 0.18204312026500702 7 2a31c2c4bed849fca0b9b3f436c038fd
1751482284511 0.1869918704032898 8 2a31c2c4bed849fca0b9b3f436c038fd
1751482284965 0.1940615028142929 9 2a31c2c4bed849fca0b9b3f436c038fd
1751482285396 0.1933545470237732 10 2a31c2c4bed849fca0b9b3f436c038fd
1751482285856 0.19865676760673523 11 2a31c2c4bed849fca0b9b3f436c038fd
1751482286292 0.1965358853340149 12 2a31c2c4bed849fca0b9b3f436c038fd
1751482286763 0.1965358853340149 13 2a31c2c4bed849fca0b9b3f436c038fd
1751482287227 0.21491692960262299 14 2a31c2c4bed849fca0b9b3f436c038fd
1751482287703 0.21067515015602112 15 2a31c2c4bed849fca0b9b3f436c038fd
1751482288189 0.21668434143066406 16 2a31c2c4bed849fca0b9b3f436c038fd
1751482288648 0.22552138566970825 17 2a31c2c4bed849fca0b9b3f436c038fd
1751482280541 0.16401554644107819 0 2a31c2c4bed849fca0b9b3f436c038fd
