1751462724134 2.2097415924072266 0
1751462724836 2.088728189468384 1
1751462725329 2.0360119342803955 2
1751462726090 2.0152530670166016 3
1751462726628 1.9749016761779785 4
1751462727160 1.93588125705719 5
1751462727665 1.8844234943389893 6
1751462728161 1.8538848161697388 7
1751462728659 1.8008670806884766 8
1751462729157 1.7370250225067139 9
1751462729669 1.6941689252853394 10
1751462730141 1.6342438459396362 11
1751462730639 1.5958096981048584 12
1751462731042 1.5256857872009277 13
1751462731524 1.4773709774017334 14
1751462732069 1.4382046461105347 15
1751462732561 1.4202302694320679 16
1751462732980 1.378308653831482 17
1751462733445 1.3314214944839478 18
1751462733901 1.3068658113479614 19
1751462734361 1.2896409034729004 20
1751462734868 1.2408825159072876 21
1751462735257 1.2025659084320068 22
1751462735685 1.180963397026062 23
1751462736085 1.1456338167190552 24
1751462736535 1.1515051126480103 25
1751462737031 1.1210243701934814 26
1751462737559 1.1123359203338623 27
1751462737984 1.0570982694625854 28
1751462738469 1.0362423658370972 29
1751462738891 1.010585069656372 30
1751462724134 2.2097415924072266 0
