1751482968592 0.16581197082996368 0 0db54d15783b437a96ae80cd09df01af
1751482969128 0.20455840229988098 1 0db54d15783b437a96ae80cd09df01af
1751482969647 0.25754985213279724 2 0db54d15783b437a96ae80cd09df01af
1751482970154 0.30997151136398315 3 0db54d15783b437a96ae80cd09df01af
1751482970675 0.3452991545200348 4 0db54d15783b437a96ae80cd09df01af
1751482971188 0.3891737759113312 5 0db54d15783b437a96ae80cd09df01af
1751482971687 0.3965812027454376 6 0db54d15783b437a96ae80cd09df01af
1751482972218 0.4313390254974365 7 0db54d15783b437a96ae80cd09df01af
1751482972714 0.4564102590084076 8 0db54d15783b437a96ae80cd09df01af
1751482973212 0.4723646640777588 9 0db54d15783b437a96ae80cd09df01af
1751482973696 0.5076923370361328 10 0db54d15783b437a96ae80cd09df01af
1751482974227 0.5150997042655945 11 0db54d15783b437a96ae80cd09df01af
1751482968592 0.16581197082996368 0 0db54d15783b437a96ae80cd09df01af
