1751482968592 3.33650541305542 0 0db54d15783b437a96ae80cd09df01af
1751482969128 3.0721845626831055 1 0db54d15783b437a96ae80cd09df01af
1751482969647 2.8510355949401855 2 0db54d15783b437a96ae80cd09df01af
1751482970154 2.6217105388641357 3 0db54d15783b437a96ae80cd09df01af
1751482970675 2.438336133956909 4 0db54d15783b437a96ae80cd09df01af
1751482971188 2.252678632736206 5 0db54d15783b437a96ae80cd09df01af
1751482971687 2.1422274112701416 6 0db54d15783b437a96ae80cd09df01af
1751482972218 2.007624864578247 7 0db54d15783b437a96ae80cd09df01af
1751482972714 1.8590855598449707 8 0db54d15783b437a96ae80cd09df01af
1751482973212 1.7084295749664307 9 0db54d15783b437a96ae80cd09df01af
1751482973696 1.6103700399398804 10 0db54d15783b437a96ae80cd09df01af
1751482974227 1.4896292686462402 11 0db54d15783b437a96ae80cd09df01af
1751482968592 3.33650541305542 0 0db54d15783b437a96ae80cd09df01af
