1751484255490 0.10826210677623749 0
1751484255934 0.2102564126253128 1
1751484256336 0.2786324918270111 2
1751484256710 0.31111112236976624 3
1751484257051 0.34074074029922485 4
1751484257401 0.34188035130500793 5
1751484257828 0.3589743673801422 6
1751484258222 0.38860398530960083 7
1751484258590 0.39145299792289734 8
1751484258972 0.3908831775188446 9
1751484259346 0.4205128252506256 10
1751484259728 0.43190884590148926 11
1751484260082 0.4592592716217041 12
1751484260454 0.47065526247024536 13
1751484260804 0.482051283121109 14
1751484261167 0.4809116721153259 15
1751484261543 0.5014244914054871 16
1751484261913 0.5008547306060791 17
1751484262287 0.5105413198471069 18
1751484262694 0.5105413198471069 19
1751484263077 0.5048432946205139 20
1751484263446 0.5299145579338074 21
1751484263789 0.5207977294921875 22
1751484255490 0.10826210677623749 0
