1751484255490 5.144041061401367 0
1751484255934 4.0133514404296875 1
1751484256336 3.330427408218384 2
1751484256710 2.916139602661133 3
1751484257051 2.7402942180633545 4
1751484257401 2.6080753803253174 5
1751484257828 2.4460086822509766 6
1751484258222 2.3230903148651123 7
1751484258590 2.2508037090301514 8
1751484258972 2.18916392326355 9
1751484259346 2.0961599349975586 10
1751484259728 1.9811112880706787 11
1751484260082 1.9381340742111206 12
1751484260454 1.8718019723892212 13
1751484260804 1.8228631019592285 14
1751484261167 1.8182519674301147 15
1751484261543 1.7280871868133545 16
1751484261913 1.653925895690918 17
1751484262287 1.6045845746994019 18
1751484262694 1.6073890924453735 19
1751484263077 1.6082956790924072 20
1751484263446 1.512778878211975 21
1751484263789 1.5076276063919067 22
1751484255490 5.144041061401367 0
