1751483765529 0.16524216532707214 0 8f20900c564746f38fff0203f29e27c7
1751483766846 0.20398859679698944 1 8f20900c564746f38fff0203f29e27c7
1751483768215 0.22849002480506897 2 8f20900c564746f38fff0203f29e27c7
1751483769620 0.2381766438484192 3 8f20900c564746f38fff0203f29e27c7
1751483772135 0.27122506499290466 4 8f20900c564746f38fff0203f29e27c7
1751483773455 0.2706552743911743 5 8f20900c564746f38fff0203f29e27c7
1751483774792 0.289458692073822 6 8f20900c564746f38fff0203f29e27c7
1751483775876 0.3076923191547394 7 8f20900c564746f38fff0203f29e27c7
1751483776881 0.31680911779403687 8 8f20900c564746f38fff0203f29e27c7
1751483780009 0.3333333432674408 9 8f20900c564746f38fff0203f29e27c7
1751483781503 0.35783475637435913 10 8f20900c564746f38fff0203f29e27c7
1751483782629 0.34586894512176514 11 8f20900c564746f38fff0203f29e27c7
1751483783648 0.3652421534061432 12 8f20900c564746f38fff0203f29e27c7
1751483785004 0.3760683834552765 13 8f20900c564746f38fff0203f29e27c7
1751483786053 0.36866095662117004 14 8f20900c564746f38fff0203f29e27c7
1751483787442 0.3789173662662506 15 8f20900c564746f38fff0203f29e27c7
1751483789922 0.39316239953041077 16 8f20900c564746f38fff0203f29e27c7
1751483791295 0.40227919816970825 17 8f20900c564746f38fff0203f29e27c7
1751483765529 0.16524216532707214 0 8f20900c564746f38fff0203f29e27c7
