1751481274337 0.16366207599639893 0
1751481274781 0.20325203239917755 1
1751481275245 0.2689996361732483 2
1751481275718 0.32272887229919434 3
1751481276221 0.34075644612312317 4
1751481276681 0.3570166230201721 5
1751481277193 0.36408624053001404 6
1751481277681 0.38069990277290344 7
1751481278129 0.3849416673183441 8
1751481278590 0.39271828532218933 9
1751481279044 0.39908096194267273 10
1751481279517 0.4050901234149933 11
1751481279955 0.4192294180393219 12
1751481280415 0.4333686828613281 13
1751481274337 0.16366207599639893 0
