1751481274337 3.314347743988037 0 ad833c91745e4d129b9c4bd16fded437
1751481274781 3.0882744789123535 1 ad833c91745e4d129b9c4bd16fded437
1751481275245 2.868401288986206 2 ad833c91745e4d129b9c4bd16fded437
1751481275718 2.552373170852661 3 ad833c91745e4d129b9c4bd16fded437
1751481276221 2.3714346885681152 4 ad833c91745e4d129b9c4bd16fded437
1751481276681 2.263639450073242 5 ad833c91745e4d129b9c4bd16fded437
1751481277193 2.21217942237854 6 ad833c91745e4d129b9c4bd16fded437
1751481277681 2.1483657360076904 7 ad833c91745e4d129b9c4bd16fded437
1751481278129 2.0988869667053223 8 ad833c91745e4d129b9c4bd16fded437
1751481278590 2.039604902267456 9 ad833c91745e4d129b9c4bd16fded437
1751481279044 1.9802254438400269 10 ad833c91745e4d129b9c4bd16fded437
1751481279517 1.933435082435608 11 ad833c91745e4d129b9c4bd16fded437
1751481279955 1.9033901691436768 12 ad833c91745e4d129b9c4bd16fded437
1751481280415 1.7942824363708496 13 ad833c91745e4d129b9c4bd16fded437
1751481274337 3.314347743988037 0 ad833c91745e4d129b9c4bd16fded437
