1751483991737 5.248167037963867 0
1751483992151 4.240398406982422 1
1751483992600 3.615654230117798 2
1751483993025 3.5049333572387695 3
1751483993435 3.3081235885620117 4
1751483993872 3.214700222015381 5
1751483994295 3.146199941635132 6
1751483994734 3.036665439605713 7
1751483995148 2.9752860069274902 8
1751483995611 2.8654110431671143 9
1751483996030 2.8100714683532715 10
1751483996461 2.7132365703582764 11
1751483996863 2.723759174346924 12
1751483997267 2.667673349380493 13
1751483997678 2.662935972213745 14
1751483998124 2.573781728744507 15
1751483998558 2.5335628986358643 16
1751483998975 2.4993631839752197 17
1751483999377 2.4797675609588623 18
1751483999791 2.469186544418335 19
1751484000207 2.452098846435547 20
1751484000666 2.4029150009155273 21
1751484001162 2.3800430297851562 22
1751484001586 2.3469693660736084 23
1751484001999 2.314302682876587 24
1751483991737 5.248167037963867 0
