1751481656850 0.13467656075954437 0 d4be6519fc884c11b5b6a04d46a4c0ef
1751481657379 0.14280664920806885 1 d4be6519fc884c11b5b6a04d46a4c0ef
1751481657923 0.17037822306156158 2 d4be6519fc884c11b5b6a04d46a4c0ef
1751481658437 0.1781548261642456 3 d4be6519fc884c11b5b6a04d46a4c0ef
1751481658949 0.1908801645040512 4 d4be6519fc884c11b5b6a04d46a4c0ef
1751481659498 0.18239660561084747 5 d4be6519fc884c11b5b6a04d46a4c0ef
1751481660001 0.17638741433620453 6 d4be6519fc884c11b5b6a04d46a4c0ef
1751481660675 0.17355956137180328 7 d4be6519fc884c11b5b6a04d46a4c0ef
1751481661189 0.1869918704032898 8 d4be6519fc884c11b5b6a04d46a4c0ef
1751481656850 0.13467656075954437 0 d4be6519fc884c11b5b6a04d46a4c0ef
