1751481656850 5.092021465301514 0 d4be6519fc884c11b5b6a04d46a4c0ef
1751481657379 4.29202938079834 1 d4be6519fc884c11b5b6a04d46a4c0ef
1751481657923 3.888136148452759 2 d4be6519fc884c11b5b6a04d46a4c0ef
1751481658437 3.6837832927703857 3 d4be6519fc884c11b5b6a04d46a4c0ef
1751481658949 3.5207977294921875 4 d4be6519fc884c11b5b6a04d46a4c0ef
1751481659498 3.5554821491241455 5 d4be6519fc884c11b5b6a04d46a4c0ef
1751481660001 3.5325210094451904 6 d4be6519fc884c11b5b6a04d46a4c0ef
1751481660675 3.4161782264709473 7 d4be6519fc884c11b5b6a04d46a4c0ef
1751481661189 3.372702121734619 8 d4be6519fc884c11b5b6a04d46a4c0ef
1751481656850 5.092021465301514 0 d4be6519fc884c11b5b6a04d46a4c0ef
