1751470170644 2.319624900817871 0 7476a562a51b4d6c863bfc642855c015
1751470171136 2.1958930492401123 1 7476a562a51b4d6c863bfc642855c015
1751470171563 2.1092755794525146 2 7476a562a51b4d6c863bfc642855c015
1751470172038 2.0023298263549805 3 7476a562a51b4d6c863bfc642855c015
1751470172488 1.9006329774856567 4 7476a562a51b4d6c863bfc642855c015
1751470173009 1.8573306798934937 5 7476a562a51b4d6c863bfc642855c015
1751470173481 1.7846499681472778 6 7476a562a51b4d6c863bfc642855c015
1751470173954 1.7543221712112427 7 7476a562a51b4d6c863bfc642855c015
1751470174373 1.6973021030426025 8 7476a562a51b4d6c863bfc642855c015
1751470174854 1.6644067764282227 9 7476a562a51b4d6c863bfc642855c015
1751470175278 1.64741051197052 10 7476a562a51b4d6c863bfc642855c015
1751470175710 1.6071922779083252 11 7476a562a51b4d6c863bfc642855c015
1751470176253 1.571553111076355 12 7476a562a51b4d6c863bfc642855c015
1751470176763 1.5344489812850952 13 7476a562a51b4d6c863bfc642855c015
1751470177240 1.5137608051300049 14 7476a562a51b4d6c863bfc642855c015
1751470177695 1.4960763454437256 15 7476a562a51b4d6c863bfc642855c015
1751470178145 1.4575375318527222 16 7476a562a51b4d6c863bfc642855c015
1751470178596 1.44804847240448 17 7476a562a51b4d6c863bfc642855c015
1751470179129 1.4357753992080688 18 7476a562a51b4d6c863bfc642855c015
1751470179590 1.4259746074676514 19 7476a562a51b4d6c863bfc642855c015
1751470180024 1.3754390478134155 20 7476a562a51b4d6c863bfc642855c015
1751470180472 1.384134292602539 21 7476a562a51b4d6c863bfc642855c015
1751470180928 1.3539756536483765 22 7476a562a51b4d6c863bfc642855c015
1751470181377 1.3346562385559082 23 7476a562a51b4d6c863bfc642855c015
1751470181823 1.3357086181640625 24 7476a562a51b4d6c863bfc642855c015
1751470182311 1.3031020164489746 25 7476a562a51b4d6c863bfc642855c015
1751470182769 1.2981566190719604 26 7476a562a51b4d6c863bfc642855c015
1751470183332 1.2663486003875732 27 7476a562a51b4d6c863bfc642855c015
1751470183806 1.2630056142807007 28 7476a562a51b4d6c863bfc642855c015
1751470184310 1.2419366836547852 29 7476a562a51b4d6c863bfc642855c015
1751470184792 1.2418508529663086 30 7476a562a51b4d6c863bfc642855c015
1751470185296 1.2211294174194336 31 7476a562a51b4d6c863bfc642855c015
1751470185793 1.210361123085022 32 7476a562a51b4d6c863bfc642855c015
1751470186305 1.1756980419158936 33 7476a562a51b4d6c863bfc642855c015
1751470170644 2.319624900817871 0 7476a562a51b4d6c863bfc642855c015
