1751484232306 0.1538461595773697 0 f59dc526c4fd40f5936961ad966fed24
1751484232656 0.1606837660074234 1 f59dc526c4fd40f5936961ad966fed24
1751484233019 0.16695156693458557 2 f59dc526c4fd40f5936961ad966fed24
1751484233385 0.16011396050453186 3 f59dc526c4fd40f5936961ad966fed24
1751484233807 0.15954415500164032 4 f59dc526c4fd40f5936961ad966fed24
1751484234191 0.16695156693458557 5 f59dc526c4fd40f5936961ad966fed24
1751484234608 0.18119658529758453 6 f59dc526c4fd40f5936961ad966fed24
1751484234990 0.17150996625423431 7 f59dc526c4fd40f5936961ad966fed24
1751484235359 0.16638176143169403 8 f59dc526c4fd40f5936961ad966fed24
1751484235747 0.17378917336463928 9 f59dc526c4fd40f5936961ad966fed24
1751484236108 0.17321936786174774 10 f59dc526c4fd40f5936961ad966fed24
1751484236495 0.1834757775068283 11 f59dc526c4fd40f5936961ad966fed24
1751484236918 0.1794871836900711 12 f59dc526c4fd40f5936961ad966fed24
1751484237297 0.1754985749721527 13 f59dc526c4fd40f5936961ad966fed24
1751484237667 0.18176637589931488 14 f59dc526c4fd40f5936961ad966fed24
1751484238046 0.20284900069236755 15 f59dc526c4fd40f5936961ad966fed24
1751484232306 0.1538461595773697 0 f59dc526c4fd40f5936961ad966fed24
