1751484232306 3.714268207550049 0 f59dc526c4fd40f5936961ad966fed24
1751484232656 3.439303159713745 1 f59dc526c4fd40f5936961ad966fed24
1751484233019 3.373750686645508 2 f59dc526c4fd40f5936961ad966fed24
1751484233385 3.3311686515808105 3 f59dc526c4fd40f5936961ad966fed24
1751484233807 3.3026137351989746 4 f59dc526c4fd40f5936961ad966fed24
1751484234191 3.284148693084717 5 f59dc526c4fd40f5936961ad966fed24
1751484234608 3.2224931716918945 6 f59dc526c4fd40f5936961ad966fed24
1751484234990 3.2273592948913574 7 f59dc526c4fd40f5936961ad966fed24
1751484235359 3.2114810943603516 8 f59dc526c4fd40f5936961ad966fed24
1751484235747 3.164440155029297 9 f59dc526c4fd40f5936961ad966fed24
1751484236108 3.150085926055908 10 f59dc526c4fd40f5936961ad966fed24
1751484236495 3.146526575088501 11 f59dc526c4fd40f5936961ad966fed24
1751484236918 3.1392223834991455 12 f59dc526c4fd40f5936961ad966fed24
1751484237297 3.1195619106292725 13 f59dc526c4fd40f5936961ad966fed24
1751484237667 3.119492769241333 14 f59dc526c4fd40f5936961ad966fed24
1751484238046 3.0875706672668457 15 f59dc526c4fd40f5936961ad966fed24
1751484232306 3.714268207550049 0 f59dc526c4fd40f5936961ad966fed24
