1751483179267 0.10826210677623749 0
1751483180292 0.2102564126253128 1
1751483181400 0.2786324918270111 2
1751483182721 0.31111112236976624 3
1751483183600 0.34074074029922485 4
1751483183993 0.34188035130500793 5
1751483184374 0.3589743673801422 6
1751483184773 0.38860398530960083 7
1751483185155 0.39145299792289734 8
1751483185575 0.3908831775188446 9
1751483185976 0.4205128252506256 10
1751483186368 0.43190884590148926 11
1751483186744 0.4592592716217041 12
1751483187145 0.47065526247024536 13
1751483187812 0.482051283121109 14
1751483188193 0.4809116721153259 15
1751483188602 0.5014244914054871 16
1751483188995 0.5008547306060791 17
1751483189372 0.5105413198471069 18
1751483189764 0.5105413198471069 19
1751483190153 0.5048432946205139 20
1751483190580 0.5299145579338074 21
1751483190992 0.5207977294921875 22
1751483179267 0.10826210677623749 0
