1751483179267 5.144041061401367 0
1751483180292 4.0133514404296875 1
1751483181400 3.330427408218384 2
1751483182721 2.916139602661133 3
1751483183600 2.7402942180633545 4
1751483183993 2.6080753803253174 5
1751483184374 2.4460086822509766 6
1751483184773 2.3230903148651123 7
1751483185155 2.2508037090301514 8
1751483185575 2.18916392326355 9
1751483185976 2.0961599349975586 10
1751483186368 1.9811112880706787 11
1751483186744 1.9381340742111206 12
1751483187145 1.8718019723892212 13
1751483187812 1.8228631019592285 14
1751483188193 1.8182519674301147 15
1751483188602 1.7280871868133545 16
1751483188995 1.653925895690918 17
1751483189372 1.6045845746994019 18
1751483189764 1.6073890924453735 19
1751483190153 1.6082956790924072 20
1751483190580 1.512778878211975 21
1751483190992 1.5076276063919067 22
1751483179267 5.144041061401367 0
