1751483958369 3.6087276935577393 0
1751483958785 3.3092665672302246 1
1751483959222 3.27775239944458 2
1751483959640 3.268183708190918 3
1751483960021 3.2206826210021973 4
1751483960394 3.1634910106658936 5
1751483960762 3.2013068199157715 6
1751483961144 3.156891345977783 7
1751483961592 3.118900775909424 8
1751483961978 3.1027462482452393 9
1751483962375 3.079348564147949 10
1751483962750 3.0360794067382812 11
1751483963127 3.013298273086548 12
1751483963511 2.96627140045166 13
1751483963884 2.8995542526245117 14
1751483964272 2.917318105697632 15
1751483964661 2.8131256103515625 16
1751483965053 2.827930450439453 17
1751483965414 2.747333526611328 18
1751483965788 2.719736337661743 19
1751483966164 2.6763949394226074 20
1751483966531 2.6172077655792236 21
1751483966886 2.5741405487060547 22
1751483967283 2.5641591548919678 23
1751483967664 2.532244920730591 24
1751483968046 2.5400795936584473 25
1751483968438 2.4512171745300293 26
1751483968844 2.4211201667785645 27
1751483969282 2.4039764404296875 28
1751483969683 2.3911702632904053 29
1751483958369 3.6087276935577393 0
