1751480962707 5.3343987464904785 0
1751480963120 5.038548469543457 1
1751480963583 4.677699089050293 2
1751480963991 4.536412715911865 3
1751480964370 4.3091535568237305 4
1751480964775 4.146951675415039 5
1751480965442 4.072422504425049 6
1751480965864 3.975839376449585 7
1751480966280 3.818480968475342 8
1751480966688 3.8079750537872314 9
1751480967072 3.7176170349121094 10
1751480967473 3.6108832359313965 11
1751480967887 3.598433017730713 12
1751480968291 3.5508029460906982 13
1751480968711 3.5886034965515137 14
1751480969119 3.525937795639038 15
1751480962707 5.3343987464904785 0
