1751482791373 0.1270655244588852 0
1751482791845 0.1418803483247757 1
1751482792333 0.15213675796985626 2
1751482792838 0.17150996625423431 3
1751482793378 0.19373218715190887 4
1751482793817 0.19658119976520538 5
1751482794256 0.20968660712242126 6
1751482794717 0.2102564126253128 7
1751482795147 0.22564102709293365 8
1751482795591 0.22507122159004211 9
1751482796058 0.24159544706344604 10
1751482796534 0.24729344248771667 11
1751482797010 0.24330484867095947 12
1751482797482 0.24786324799060822 13
1751482797970 0.26153847575187683 14
1751482798467 0.25128206610679626 15
1751482798911 0.27920228242874146 16
1751482799400 0.2866096794605255 17
1751482799868 0.2717948853969574 18
1751482800341 0.2797720730304718 19
1751482800795 0.2809116840362549 20
1751482801263 0.2928774952888489 21
1751482801742 0.29116809368133545 22
1751482802186 0.29800570011138916 23
1751482802654 0.2985754907131195 24
1751482803115 0.3094017207622528 25
1751482803557 0.31339031457901 26
1751482804017 0.31794872879981995 27
1751482804485 0.32592591643333435 28
1751482804969 0.3242165148258209 29
1751482805507 0.3276353180408478 30
1751482805995 0.3333333432674408 31
1751482806455 0.34301993250846863 32
1751482806934 0.3532763421535492 33
1751482807429 0.34358975291252136 34
1751482807947 0.33390313386917114 35
1751482808446 0.3390313386917114 36
1751482808935 0.34871795773506165 37
1751482809413 0.36239317059516907 38
1751482809876 0.3652421534061432 39
1751482810323 0.3692307770252228 40
1751482810770 0.36752137541770935 41
1751482811226 0.36638176441192627 42
1751482811694 0.3589743673801422 43
1751482812203 0.3720797598361969 44
1751482812675 0.38632479310035706 45
1751482813136 0.38746437430381775 46
1751482813632 0.39430198073387146 47
1751482814127 0.3737891614437103 48
1751482814585 0.3920227885246277 49
1751482791373 0.1270655244588852 0
