1751480064087 2.2906761169433594 0
1751480064393 2.2163987159729004 1
1751480064687 2.1813907623291016 2
1751480065010 2.1639583110809326 3
1751480065302 2.1425423622131348 4
1751480065672 2.117675304412842 5
1751480065980 2.102273464202881 6
1751480066268 2.081875801086426 7
1751480066533 2.069687604904175 8
1751480066815 2.0545616149902344 9
1751480067186 2.0590362548828125 10
1751480067492 2.006032943725586 11
1751480067792 1.9962760210037231 12
1751480068102 1.9735950231552124 13
1751480068400 1.9564882516860962 14
1751480068704 1.936011552810669 15
1751480069002 1.9212981462478638 16
1751480069297 1.917149543762207 17
1751480069622 1.8838657140731812 18
1751480069946 1.854966640472412 19
1751480070293 1.8751195669174194 20
1751480070677 1.8467167615890503 21
1751480071011 1.827431321144104 22
1751480071329 1.8066939115524292 23
1751480071625 1.7770463228225708 24
1751480071950 1.7953981161117554 25
1751480072253 1.7629038095474243 26
1751480072573 1.7553842067718506 27
1751480072882 1.7336405515670776 28
1751480073182 1.7043190002441406 29
1751480073531 1.7367281913757324 30
1751480073859 1.7162508964538574 31
1751480074200 1.6998504400253296 32
1751480074522 1.7021548748016357 33
1751480074901 1.6884468793869019 34
1751480075242 1.6612213850021362 35
1751480064087 2.2906761169433594 0
