1751483179267 5.144041061401367 0 8ae200f584ff43cd971d9da056301837
1751483180292 4.0133514404296875 1 8ae200f584ff43cd971d9da056301837
1751483181400 3.330427408218384 2 8ae200f584ff43cd971d9da056301837
1751483182721 2.916139602661133 3 8ae200f584ff43cd971d9da056301837
1751483183600 2.7402942180633545 4 8ae200f584ff43cd971d9da056301837
1751483183993 2.6080753803253174 5 8ae200f584ff43cd971d9da056301837
1751483184374 2.4460086822509766 6 8ae200f584ff43cd971d9da056301837
1751483184773 2.3230903148651123 7 8ae200f584ff43cd971d9da056301837
1751483185155 2.2508037090301514 8 8ae200f584ff43cd971d9da056301837
1751483185575 2.18916392326355 9 8ae200f584ff43cd971d9da056301837
1751483185976 2.0961599349975586 10 8ae200f584ff43cd971d9da056301837
1751483186368 1.9811112880706787 11 8ae200f584ff43cd971d9da056301837
1751483186744 1.9381340742111206 12 8ae200f584ff43cd971d9da056301837
1751483187145 1.8718019723892212 13 8ae200f584ff43cd971d9da056301837
1751483187812 1.8228631019592285 14 8ae200f584ff43cd971d9da056301837
1751483188193 1.8182519674301147 15 8ae200f584ff43cd971d9da056301837
1751483188602 1.7280871868133545 16 8ae200f584ff43cd971d9da056301837
1751483188995 1.653925895690918 17 8ae200f584ff43cd971d9da056301837
1751483189372 1.6045845746994019 18 8ae200f584ff43cd971d9da056301837
1751483189764 1.6073890924453735 19 8ae200f584ff43cd971d9da056301837
1751483190153 1.6082956790924072 20 8ae200f584ff43cd971d9da056301837
1751483190580 1.512778878211975 21 8ae200f584ff43cd971d9da056301837
1751483190992 1.5076276063919067 22 8ae200f584ff43cd971d9da056301837
1751483179267 5.144041061401367 0 8ae200f584ff43cd971d9da056301837
