1751482308635 0.15942029654979706 0
1751482309105 0.16896429657936096 1
1751482309545 0.1806291937828064 2
1751482310065 0.17780134081840515 3
1751482310540 0.17143866419792175 4
1751482311058 0.18027570843696594 5
1751482311515 0.18911276757717133 6
1751482312108 0.18168964982032776 7
1751482312635 0.18875928223133087 8
1751482313117 0.20113113522529602 9
1751482313680 0.20325203239917755 10
1751482314182 0.19370801746845245 11
1751482314679 0.19052669405937195 12
1751482315150 0.19901025295257568 13
1751482315615 0.2085542529821396 14
1751482316056 0.21067515015602112 15
1751482316534 0.21915870904922485 16
1751482316998 0.22057263553142548 17
1751482317483 0.22622835636138916 18
1751482318157 0.234004944562912 19
1751482308635 0.15942029654979706 0
