1751482308635 3.5839874744415283 0
1751482309105 3.3434548377990723 1
1751482309545 3.2542004585266113 2
1751482310065 3.196951150894165 3
1751482310540 3.1580440998077393 4
1751482311058 3.137178897857666 5
1751482311515 3.102651596069336 6
1751482312108 3.114898204803467 7
1751482312635 3.107740879058838 8
1751482313117 3.090893507003784 9
1751482313680 3.07073712348938 10
1751482314182 3.0651421546936035 11
1751482314679 3.045445442199707 12
1751482315150 3.035501718521118 13
1751482315615 3.0059385299682617 14
1751482316056 3.017970323562622 15
1751482316534 2.991096258163452 16
1751482316998 2.9798219203948975 17
1751482317483 2.9526987075805664 18
1751482318157 2.9336917400360107 19
1751482308635 3.5839874744415283 0
