1751481669943 3.390202760696411 0 3bfe9da352634c4f8e77128cf5f12595
1751481670417 3.21897029876709 1 3bfe9da352634c4f8e77128cf5f12595
1751481670850 3.1561782360076904 2 3bfe9da352634c4f8e77128cf5f12595
1751481671281 3.147711992263794 3 3bfe9da352634c4f8e77128cf5f12595
1751481671750 3.129441738128662 4 3bfe9da352634c4f8e77128cf5f12595
1751481672184 3.132079601287842 5 3bfe9da352634c4f8e77128cf5f12595
1751481672635 3.112144947052002 6 3bfe9da352634c4f8e77128cf5f12595
1751481673054 3.1039843559265137 7 3bfe9da352634c4f8e77128cf5f12595
1751481673465 3.0876309871673584 8 3bfe9da352634c4f8e77128cf5f12595
1751481673875 3.092388868331909 9 3bfe9da352634c4f8e77128cf5f12595
1751481674320 3.105320692062378 10 3bfe9da352634c4f8e77128cf5f12595
1751481674736 3.0769596099853516 11 3bfe9da352634c4f8e77128cf5f12595
1751481669943 3.390202760696411 0 3bfe9da352634c4f8e77128cf5f12595
