1750342138973 0.19542253017425537 0 101dad9525794f56b08c7c6127f2839a
1750342139394 0.21478873491287231 1 101dad9525794f56b08c7c6127f2839a
1750342139756 0.23063381016254425 2 101dad9525794f56b08c7c6127f2839a
1750342140050 0.2922535240650177 3 101dad9525794f56b08c7c6127f2839a
1750342140428 0.2957746386528015 4 101dad9525794f56b08c7c6127f2839a
1750342140776 0.32042253017425537 5 101dad9525794f56b08c7c6127f2839a
1750342141217 0.3257042169570923 6 101dad9525794f56b08c7c6127f2839a
1750342141558 0.36443662643432617 7 101dad9525794f56b08c7c6127f2839a
1750342141983 0.36443662643432617 8 101dad9525794f56b08c7c6127f2839a
1750342142323 0.3802816867828369 9 101dad9525794f56b08c7c6127f2839a
1750342142645 0.40492957830429077 10 101dad9525794f56b08c7c6127f2839a
1750342143097 0.44190141558647156 11 101dad9525794f56b08c7c6127f2839a
1750342143450 0.40140846371650696 12 101dad9525794f56b08c7c6127f2839a
1750342143784 0.42957746982574463 13 101dad9525794f56b08c7c6127f2839a
1750342144190 0.43838027119636536 14 101dad9525794f56b08c7c6127f2839a
1750342144588 0.4911971688270569 15 101dad9525794f56b08c7c6127f2839a
1750342144959 0.48415493965148926 16 101dad9525794f56b08c7c6127f2839a
1750342145329 0.4630281627178192 17 101dad9525794f56b08c7c6127f2839a
1750342145702 0.5158450603485107 18 101dad9525794f56b08c7c6127f2839a
1750342146088 0.5246478915214539 19 101dad9525794f56b08c7c6127f2839a
1750342146452 0.5246478915214539 20 101dad9525794f56b08c7c6127f2839a
1750342146820 0.5211267471313477 21 101dad9525794f56b08c7c6127f2839a
1750342147126 0.5404929518699646 22 101dad9525794f56b08c7c6127f2839a
1750342147557 0.5827465057373047 23 101dad9525794f56b08c7c6127f2839a
1750342147931 0.577464759349823 24 101dad9525794f56b08c7c6127f2839a
1750342148273 0.5968309640884399 25 101dad9525794f56b08c7c6127f2839a
1750342148620 0.5933098793029785 26 101dad9525794f56b08c7c6127f2839a
1750342149021 0.5933098793029785 27 101dad9525794f56b08c7c6127f2839a
1750342149362 0.6338028311729431 28 101dad9525794f56b08c7c6127f2839a
1750342149709 0.625 29 101dad9525794f56b08c7c6127f2839a
1750342138973 0.19542253017425537 0 101dad9525794f56b08c7c6127f2839a
