1750342138973 2.1588294506073 0 101dad9525794f56b08c7c6127f2839a
1750342139394 2.0463240146636963 1 101dad9525794f56b08c7c6127f2839a
1750342139756 2.0385894775390625 2 101dad9525794f56b08c7c6127f2839a
1750342140050 1.9648044109344482 3 101dad9525794f56b08c7c6127f2839a
1750342140428 1.93428635597229 4 101dad9525794f56b08c7c6127f2839a
1750342140776 1.8816750049591064 5 101dad9525794f56b08c7c6127f2839a
1750342141217 1.8298784494400024 6 101dad9525794f56b08c7c6127f2839a
1750342141558 1.7612911462783813 7 101dad9525794f56b08c7c6127f2839a
1750342141983 1.7036255598068237 8 101dad9525794f56b08c7c6127f2839a
1750342142323 1.6504466533660889 9 101dad9525794f56b08c7c6127f2839a
1750342142645 1.5867034196853638 10 101dad9525794f56b08c7c6127f2839a
1750342143097 1.5365355014801025 11 101dad9525794f56b08c7c6127f2839a
1750342143450 1.4980136156082153 12 101dad9525794f56b08c7c6127f2839a
1750342143784 1.4598197937011719 13 101dad9525794f56b08c7c6127f2839a
1750342144190 1.4216032028198242 14 101dad9525794f56b08c7c6127f2839a
1750342144588 1.3712480068206787 15 101dad9525794f56b08c7c6127f2839a
1750342144959 1.3386203050613403 16 101dad9525794f56b08c7c6127f2839a
1750342145329 1.3270483016967773 17 101dad9525794f56b08c7c6127f2839a
1750342145702 1.2734401226043701 18 101dad9525794f56b08c7c6127f2839a
1750342146088 1.2494901418685913 19 101dad9525794f56b08c7c6127f2839a
1750342146452 1.2387058734893799 20 101dad9525794f56b08c7c6127f2839a
1750342146820 1.1669989824295044 21 101dad9525794f56b08c7c6127f2839a
1750342147126 1.1838186979293823 22 101dad9525794f56b08c7c6127f2839a
1750342147557 1.1110572814941406 23 101dad9525794f56b08c7c6127f2839a
1750342147931 1.114667296409607 24 101dad9525794f56b08c7c6127f2839a
1750342148273 1.0942420959472656 25 101dad9525794f56b08c7c6127f2839a
1750342148620 1.0552657842636108 26 101dad9525794f56b08c7c6127f2839a
1750342149021 1.047563910484314 27 101dad9525794f56b08c7c6127f2839a
1750342149362 1.0244920253753662 28 101dad9525794f56b08c7c6127f2839a
1750342149709 1.0080612897872925 29 101dad9525794f56b08c7c6127f2839a
1750342138973 2.1588294506073 0 101dad9525794f56b08c7c6127f2839a
