1751483704460 3.3391976356506348 0
1751483704907 3.1990108489990234 1
1751483705295 3.0917391777038574 2
1751483705679 2.9933817386627197 3
1751483706071 2.954716205596924 4
1751483706456 2.9013257026672363 5
1751483706844 2.854750633239746 6
1751483707225 2.7971255779266357 7
1751483707621 2.7290709018707275 8
1751483708014 2.6881792545318604 9
1751483708421 2.6487581729888916 10
1751483708834 2.6230456829071045 11
1751483709209 2.5700345039367676 12
1751483709588 2.499711513519287 13
1751483709975 2.537543773651123 14
1751483710358 2.4750375747680664 15
1751483711036 2.4867966175079346 16
1751483711506 2.4626753330230713 17
1751483704460 3.3391976356506348 0
