1751462724134 0.17253521084785461 0 b693551e2e9d431e8d6884fd455e27c6
1751462724836 0.22535210847854614 1 b693551e2e9d431e8d6884fd455e27c6
1751462725329 0.23415492475032806 2 b693551e2e9d431e8d6884fd455e27c6
1751462726090 0.23767605423927307 3 b693551e2e9d431e8d6884fd455e27c6
1751462726628 0.27640846371650696 4 b693551e2e9d431e8d6884fd455e27c6
1751462727160 0.2852112650871277 5 b693551e2e9d431e8d6884fd455e27c6
1751462727665 0.30633804202079773 6 b693551e2e9d431e8d6884fd455e27c6
1751462728161 0.31866195797920227 7 b693551e2e9d431e8d6884fd455e27c6
1751462728659 0.35915493965148926 8 b693551e2e9d431e8d6884fd455e27c6
1751462729157 0.3714788854122162 9 b693551e2e9d431e8d6884fd455e27c6
1751462729669 0.3697183132171631 10 b693551e2e9d431e8d6884fd455e27c6
1751462730141 0.38204225897789 11 b693551e2e9d431e8d6884fd455e27c6
1751462730639 0.4225352108478546 12 b693551e2e9d431e8d6884fd455e27c6
1751462731042 0.43838027119636536 13 b693551e2e9d431e8d6884fd455e27c6
1751462731524 0.4647887349128723 14 b693551e2e9d431e8d6884fd455e27c6
1751462732069 0.44366195797920227 15 b693551e2e9d431e8d6884fd455e27c6
1751462732561 0.4665493071079254 16 b693551e2e9d431e8d6884fd455e27c6
1751462732980 0.48063379526138306 17 b693551e2e9d431e8d6884fd455e27c6
1751462733445 0.48943662643432617 18 b693551e2e9d431e8d6884fd455e27c6
1751462733901 0.5105633735656738 19 b693551e2e9d431e8d6884fd455e27c6
1751462734361 0.5 20 b693551e2e9d431e8d6884fd455e27c6
1751462734868 0.5316901206970215 21 b693551e2e9d431e8d6884fd455e27c6
1751462735257 0.533450722694397 22 b693551e2e9d431e8d6884fd455e27c6
1751462735685 0.5651408433914185 23 b693551e2e9d431e8d6884fd455e27c6
1751462736085 0.5545774698257446 24 b693551e2e9d431e8d6884fd455e27c6
1751462736535 0.5492957830429077 25 b693551e2e9d431e8d6884fd455e27c6
1751462737031 0.5616196990013123 26 b693551e2e9d431e8d6884fd455e27c6
1751462737559 0.6003521084785461 27 b693551e2e9d431e8d6884fd455e27c6
1751462737984 0.6038732528686523 28 b693551e2e9d431e8d6884fd455e27c6
1751462738469 0.6091549396514893 29 b693551e2e9d431e8d6884fd455e27c6
1751462738891 0.6338028311729431 30 b693551e2e9d431e8d6884fd455e27c6
1751462724134 0.17253521084785461 0 b693551e2e9d431e8d6884fd455e27c6
