1751468722850 0.10778442770242691 0 c46c930d4488419f962dd95b3bad657b
1751468723570 0.12962310016155243 1 c46c930d4488419f962dd95b3bad657b
1751468724286 0.14336033165454865 2 c46c930d4488419f962dd95b3bad657b
1751468724890 0.17823177576065063 3 c46c930d4488419f962dd95b3bad657b
1751468725519 0.1866854578256607 4 c46c930d4488419f962dd95b3bad657b
1751468726208 0.2134554386138916 5 c46c930d4488419f962dd95b3bad657b
1751468726895 0.21838675439357758 6 c46c930d4488419f962dd95b3bad657b
1751468727534 0.2109897881746292 7 c46c930d4488419f962dd95b3bad657b
1751468728212 0.2261359691619873 8 c46c930d4488419f962dd95b3bad657b
1751468728842 0.2356463521718979 9 c46c930d4488419f962dd95b3bad657b
1751468729487 0.2286016196012497 10 c46c930d4488419f962dd95b3bad657b
1751468730100 0.23001056909561157 11 c46c930d4488419f962dd95b3bad657b
1751468730803 0.24762240052223206 12 c46c930d4488419f962dd95b3bad657b
1751468731442 0.2469179332256317 13 c46c930d4488419f962dd95b3bad657b
1751468732114 0.24304331839084625 14 c46c930d4488419f962dd95b3bad657b
1751468732758 0.2518492341041565 15 c46c930d4488419f962dd95b3bad657b
1751468733453 0.25678056478500366 16 c46c930d4488419f962dd95b3bad657b
1751468734105 0.26629093289375305 17 c46c930d4488419f962dd95b3bad657b
1751468734795 0.26065516471862793 18 c46c930d4488419f962dd95b3bad657b
1751468735425 0.2550193667411804 19 c46c930d4488419f962dd95b3bad657b
1751468736076 0.27650579810142517 20 c46c930d4488419f962dd95b3bad657b
1751468736706 0.2595984637737274 21 c46c930d4488419f962dd95b3bad657b
1751468737366 0.2588939666748047 22 c46c930d4488419f962dd95b3bad657b
1751468738026 0.2817893624305725 23 c46c930d4488419f962dd95b3bad657b
1751468738722 0.2786192297935486 24 c46c930d4488419f962dd95b3bad657b
1751468739421 0.27685806155204773 25 c46c930d4488419f962dd95b3bad657b
1751468740096 0.28355056047439575 26 c46c930d4488419f962dd95b3bad657b
1751468740784 0.2948221266269684 27 c46c930d4488419f962dd95b3bad657b
1751468741511 0.2955265939235687 28 c46c930d4488419f962dd95b3bad657b
1751468742366 0.27756252884864807 29 c46c930d4488419f962dd95b3bad657b
1751468743078 0.29270869493484497 30 c46c930d4488419f962dd95b3bad657b
1751468743776 0.2902430295944214 31 c46c930d4488419f962dd95b3bad657b
1751468744465 0.29517436027526855 32 c46c930d4488419f962dd95b3bad657b
1751468745213 0.2912997603416443 33 c46c930d4488419f962dd95b3bad657b
1751468745978 0.29869672656059265 34 c46c930d4488419f962dd95b3bad657b
1751468746741 0.3039802610874176 35 c46c930d4488419f962dd95b3bad657b
1751468747438 0.30820712447166443 36 c46c930d4488419f962dd95b3bad657b
1751468748187 0.30433252453804016 37 c46c930d4488419f962dd95b3bad657b
1751468748948 0.29869672656059265 38 c46c930d4488419f962dd95b3bad657b
1751468749609 0.30468475818634033 39 c46c930d4488419f962dd95b3bad657b
1751468750181 0.31243395805358887 40 c46c930d4488419f962dd95b3bad657b
1751468750911 0.3156040906906128 41 c46c930d4488419f962dd95b3bad657b
1751468751579 0.3145473897457123 42 c46c930d4488419f962dd95b3bad657b
1751468752298 0.31842198967933655 43 c46c930d4488419f962dd95b3bad657b
1751468753078 0.32440999150276184 44 c46c930d4488419f962dd95b3bad657b
1751468753821 0.3191264569759369 45 c46c930d4488419f962dd95b3bad657b
1751468754527 0.3388517200946808 46 c46c930d4488419f962dd95b3bad657b
1751468755271 0.32335329055786133 47 c46c930d4488419f962dd95b3bad657b
1751468755953 0.33145472407341003 48 c46c930d4488419f962dd95b3bad657b
1751468756739 0.31842198967933655 49 c46c930d4488419f962dd95b3bad657b
1751468722850 0.10778442770242691 0 c46c930d4488419f962dd95b3bad657b
