1751468722850 2.959129810333252 0 c46c930d4488419f962dd95b3bad657b
1751468723570 2.768233299255371 1 c46c930d4488419f962dd95b3bad657b
1751468724286 2.631554126739502 2 c46c930d4488419f962dd95b3bad657b
1751468724890 2.560357093811035 3 c46c930d4488419f962dd95b3bad657b
1751468725519 2.505373239517212 4 c46c930d4488419f962dd95b3bad657b
1751468726208 2.4075584411621094 5 c46c930d4488419f962dd95b3bad657b
1751468726895 2.3804140090942383 6 c46c930d4488419f962dd95b3bad657b
1751468727534 2.3643062114715576 7 c46c930d4488419f962dd95b3bad657b
1751468728212 2.3146607875823975 8 c46c930d4488419f962dd95b3bad657b
1751468728842 2.2861578464508057 9 c46c930d4488419f962dd95b3bad657b
1751468729487 2.27306866645813 10 c46c930d4488419f962dd95b3bad657b
1751468730100 2.2630817890167236 11 c46c930d4488419f962dd95b3bad657b
1751468730803 2.2238948345184326 12 c46c930d4488419f962dd95b3bad657b
1751468731442 2.2143735885620117 13 c46c930d4488419f962dd95b3bad657b
1751468732114 2.2121481895446777 14 c46c930d4488419f962dd95b3bad657b
1751468732758 2.1841304302215576 15 c46c930d4488419f962dd95b3bad657b
1751468733453 2.178013563156128 16 c46c930d4488419f962dd95b3bad657b
1751468734105 2.1603200435638428 17 c46c930d4488419f962dd95b3bad657b
1751468734795 2.1461684703826904 18 c46c930d4488419f962dd95b3bad657b
1751468735425 2.130239963531494 19 c46c930d4488419f962dd95b3bad657b
1751468736076 2.0977590084075928 20 c46c930d4488419f962dd95b3bad657b
1751468736706 2.132636070251465 21 c46c930d4488419f962dd95b3bad657b
1751468737366 2.092430591583252 22 c46c930d4488419f962dd95b3bad657b
1751468738026 2.0679264068603516 23 c46c930d4488419f962dd95b3bad657b
1751468738722 2.0557034015655518 24 c46c930d4488419f962dd95b3bad657b
1751468739421 2.03420352935791 25 c46c930d4488419f962dd95b3bad657b
1751468740096 2.023969888687134 26 c46c930d4488419f962dd95b3bad657b
1751468740784 2.010958194732666 27 c46c930d4488419f962dd95b3bad657b
1751468741511 1.9970080852508545 28 c46c930d4488419f962dd95b3bad657b
1751468742366 2.0181446075439453 29 c46c930d4488419f962dd95b3bad657b
1751468743078 1.9778565168380737 30 c46c930d4488419f962dd95b3bad657b
1751468743776 1.9681087732315063 31 c46c930d4488419f962dd95b3bad657b
1751468744465 1.9828444719314575 32 c46c930d4488419f962dd95b3bad657b
1751468745213 1.9838050603866577 33 c46c930d4488419f962dd95b3bad657b
1751468745978 1.9311867952346802 34 c46c930d4488419f962dd95b3bad657b
1751468746741 1.921621322631836 35 c46c930d4488419f962dd95b3bad657b
1751468747438 1.932611346244812 36 c46c930d4488419f962dd95b3bad657b
1751468748187 1.9339977502822876 37 c46c930d4488419f962dd95b3bad657b
1751468748948 1.9333796501159668 38 c46c930d4488419f962dd95b3bad657b
1751468749609 1.8914443254470825 39 c46c930d4488419f962dd95b3bad657b
1751468750181 1.9087624549865723 40 c46c930d4488419f962dd95b3bad657b
1751468750911 1.8811432123184204 41 c46c930d4488419f962dd95b3bad657b
1751468751579 1.871681809425354 42 c46c930d4488419f962dd95b3bad657b
1751468752298 1.864203929901123 43 c46c930d4488419f962dd95b3bad657b
1751468753078 1.8482840061187744 44 c46c930d4488419f962dd95b3bad657b
1751468753821 1.840254783630371 45 c46c930d4488419f962dd95b3bad657b
1751468754527 1.8317162990570068 46 c46c930d4488419f962dd95b3bad657b
1751468755271 1.854138731956482 47 c46c930d4488419f962dd95b3bad657b
1751468755953 1.8344687223434448 48 c46c930d4488419f962dd95b3bad657b
1751468756739 1.8394856452941895 49 c46c930d4488419f962dd95b3bad657b
1751468722850 2.959129810333252 0 c46c930d4488419f962dd95b3bad657b
