1751483008538 0.144729346036911 0
1751483008941 0.2102564126253128 1
1751483009346 0.22165241837501526 2
1751483009741 0.21994301676750183 3
1751483010147 0.2501424551010132 4
1751483010552 0.2598290741443634 5
1751483010963 0.2717948853969574 6
1751483011358 0.28603988885879517 7
1751483011747 0.2849002778530121 8
1751483012168 0.3145299255847931 9
1751483012565 0.31282052397727966 10
1751483012977 0.3173789083957672 11
1751483013364 0.34358975291252136 12
1751483013739 0.349287748336792 13
1751483014150 0.34985753893852234 14
1751483008538 0.144729346036911 0
