1751483008538 4.813121318817139 0
1751483008941 3.6655337810516357 1
1751483009346 3.3047268390655518 2
1751483009741 3.193366289138794 3
1751483010147 2.9520299434661865 4
1751483010552 2.938098192214966 5
1751483010963 2.8287463188171387 6
1751483011358 2.7462375164031982 7
1751483011747 2.720123291015625 8
1751483012168 2.610379934310913 9
1751483012565 2.589177370071411 10
1751483012977 2.5088469982147217 11
1751483013364 2.4493114948272705 12
1751483013739 2.373006820678711 13
1751483014150 2.3419485092163086 14
1751483008538 4.813121318817139 0
