1750350905290 0.15845070779323578 0
1750350905524 0.21478873491287231 1
1750350905756 0.2112676054239273 2
1750350906002 0.22535210847854614 3
1750350906212 0.24471831321716309 4
1750350906419 0.2887323796749115 5
1750350906629 0.27816900610923767 6
1750350906858 0.30633804202079773 7
1750350907120 0.32218310236930847 8
1750350907334 0.35563379526138306 9
1750350907576 0.38908451795578003 10
1750350907834 0.38732394576072693 11
1750350908089 0.3785211145877838 12
1750350908297 0.4260563254356384 13
1750350908492 0.40140846371650696 14
1750350908685 0.43485915660858154 15
1750350908943 0.4190140962600708 16
1750350909222 0.4507042169570923 17
1750350909427 0.47359153628349304 18
1750350909633 0.4595070481300354 19
1750350909876 0.47711268067359924 20
1750350910114 0.4524647891521454 21
1750350910391 0.4911971688270569 22
1750350910607 0.4947183132171631 23
1750350910829 0.5193662047386169 24
1750350911062 0.5193662047386169 25
1750350911315 0.533450722694397 26
1750350911535 0.5264084339141846 27
1750350911726 0.5616196990013123 28
1750350911983 0.5457746386528015 29
1750350912605 0.577464759349823 30
1750350913168 0.5827465057373047 31
1750350913680 0.591549277305603 32
1750350913935 0.6056337952613831 33
1750350914215 0.6073943376541138 34
1750350905290 0.15845070779323578 0
