1750350905290 2.2270827293395996 0
1750350905524 2.0950028896331787 1
1750350905756 2.0519185066223145 2
1750350906002 2.0350708961486816 3
1750350906212 1.9976428747177124 4
1750350906419 1.9487111568450928 5
1750350906629 1.9249463081359863 6
1750350906858 1.8931523561477661 7
1750350907120 1.8348819017410278 8
1750350907334 1.769856572151184 9
1750350907576 1.7048959732055664 10
1750350907834 1.641927719116211 11
1750350908089 1.6100800037384033 12
1750350908297 1.5552334785461426 13
1750350908492 1.5139657258987427 14
1750350908685 1.498826026916504 15
1750350908943 1.4592559337615967 16
1750350909222 1.4137061834335327 17
1750350909427 1.3931783437728882 18
1750350909633 1.374058723449707 19
1750350909876 1.3410829305648804 20
1750350910114 1.3425348997116089 21
1750350910391 1.2645708322525024 22
1750350910607 1.3015544414520264 23
1750350910829 1.2280672788619995 24
1750350911062 1.2156826257705688 25
1750350911315 1.2142256498336792 26
1750350911535 1.2065993547439575 27
1750350911726 1.1357508897781372 28
1750350911983 1.1718626022338867 29
1750350912605 1.1106830835342407 30
1750350913168 1.1185656785964966 31
1750350913680 1.0778765678405762 32
1750350913935 1.0709456205368042 33
1750350914215 1.0369230508804321 34
1750350905290 2.2270827293395996 0
