1751481616363 0.16083422303199768 0
1751481616855 0.16825734078884125 1
1751481617342 0.16967126727104187 2
1751481617832 0.1749734878540039 3
1751481618280 0.1710851937532425 4
1751481618744 0.18416401743888855 5
1751481619216 0.18911276757717133 6
1751481619742 0.1806291937828064 7
1751481620254 0.18310357630252838 8
1751481620740 0.18239660561084747 9
1751481621208 0.18840579688549042 10
1751481621706 0.18946623802185059 11
1751481622173 0.1876988261938095 12
1751481622624 0.20395900309085846 13
1751481616363 0.16083422303199768 0
