1751481616363 3.3793234825134277 0
1751481616855 3.1751163005828857 1
1751481617342 3.1225390434265137 2
1751481617832 3.114959955215454 3
1751481618280 3.1148228645324707 4
1751481618744 3.096837043762207 5
1751481619216 3.086599349975586 6
1751481619742 3.082707166671753 7
1751481620254 3.066659688949585 8
1751481620740 3.0760953426361084 9
1751481621208 3.0479562282562256 10
1751481621706 3.0507383346557617 11
1751481622173 3.0560786724090576 12
1751481622624 3.01157546043396 13
1751481616363 3.3793234825134277 0
