1751483008538 0.144729346036911 0 c23e5a4dfdb54d9d9485efbe04fb7c39
1751483008941 0.2102564126253128 1 c23e5a4dfdb54d9d9485efbe04fb7c39
1751483009346 0.22165241837501526 2 c23e5a4dfdb54d9d9485efbe04fb7c39
1751483009741 0.21994301676750183 3 c23e5a4dfdb54d9d9485efbe04fb7c39
1751483010147 0.2501424551010132 4 c23e5a4dfdb54d9d9485efbe04fb7c39
1751483010552 0.2598290741443634 5 c23e5a4dfdb54d9d9485efbe04fb7c39
1751483010963 0.2717948853969574 6 c23e5a4dfdb54d9d9485efbe04fb7c39
1751483011358 0.28603988885879517 7 c23e5a4dfdb54d9d9485efbe04fb7c39
1751483011747 0.2849002778530121 8 c23e5a4dfdb54d9d9485efbe04fb7c39
1751483012168 0.3145299255847931 9 c23e5a4dfdb54d9d9485efbe04fb7c39
1751483012565 0.31282052397727966 10 c23e5a4dfdb54d9d9485efbe04fb7c39
1751483012977 0.3173789083957672 11 c23e5a4dfdb54d9d9485efbe04fb7c39
1751483013364 0.34358975291252136 12 c23e5a4dfdb54d9d9485efbe04fb7c39
1751483013739 0.349287748336792 13 c23e5a4dfdb54d9d9485efbe04fb7c39
1751483014150 0.34985753893852234 14 c23e5a4dfdb54d9d9485efbe04fb7c39
1751483008538 0.144729346036911 0 c23e5a4dfdb54d9d9485efbe04fb7c39
