1751482857774 0.11282051354646683 0
1751482858218 0.16125355660915375 1
1751482858684 0.1994301974773407 2
1751482859141 0.20854701101779938 3
1751482859599 0.22792023420333862 4
1751482860070 0.26039886474609375 5
1751482860517 0.26438745856285095 6
1751482860966 0.2849002778530121 7
1751482861620 0.2934472858905792 8
1751482862065 0.2985754907131195 9
1751482862501 0.2968660891056061 10
1751482862963 0.3384615480899811 11
1751482863416 0.3242165148258209 12
1751482863927 0.33162394165992737 13
1751482864381 0.349287748336792 14
1751482864830 0.3561253547668457 15
1751482865251 0.3441595435142517 16
1751482865696 0.3481481373310089 17
1751482866153 0.38347578048706055 18
1751482866593 0.38347578048706055 19
1751482867246 0.3692307770252228 20
1751482867703 0.385185182094574 21
1751482868155 0.3880341947078705 22
1751482868599 0.3891737759113312 23
1751482869069 0.3897435963153839 24
1751482869524 0.4085470139980316 25
1751482869958 0.42222222685813904 26
1751482870441 0.41709402203559875 27
1751482870885 0.4324786365032196 28
1751482871367 0.44273504614830017 29
1751482871838 0.426780641078949 30
1751482872280 0.4404558539390564 31
1751482872734 0.4393162429332733 32
1751482873202 0.4535612463951111 33
1751482873646 0.4353276491165161 34
1751482874142 0.4484330415725708 35
1751482874599 0.46267807483673096 36
1751482875068 0.46666666865348816 37
1751482875529 0.4564102590084076 38
1751482875981 0.45299145579338074 39
1751482876442 0.46495726704597473 40
1751482876865 0.46096867322921753 41
1751482877320 0.45868945121765137 42
1751482877753 0.4780626893043518 43
1751482878190 0.47863247990608215 44
1751482878616 0.4911680817604065 45
1751482879061 0.47578346729278564 46
1751482879526 0.4871794879436493 47
1751482879973 0.4991452991962433 48
1751482880409 0.4991452991962433 49
1751482857774 0.11282051354646683 0
