1751482857774 5.66750955581665 0
1751482858218 4.607755661010742 1
1751482858684 4.040747165679932 2
1751482859141 3.909426689147949 3
1751482859599 3.6887080669403076 4
1751482860070 3.4391965866088867 5
1751482860517 3.3692588806152344 6
1751482860966 3.1991043090820312 7
1751482861620 3.135249137878418 8
1751482862065 3.0444257259368896 9
1751482862501 2.970219373703003 10
1751482862963 2.8226802349090576 11
1751482863416 2.83709716796875 12
1751482863927 2.7481729984283447 13
1751482864381 2.6452507972717285 14
1751482864830 2.6198277473449707 15
1751482865251 2.618544578552246 16
1751482865696 2.5939247608184814 17
1751482866153 2.3821730613708496 18
1751482866593 2.338517904281616 19
1751482867246 2.405188798904419 20
1751482867703 2.3123810291290283 21
1751482868155 2.235739231109619 22
1751482868599 2.226501941680908 23
1751482869069 2.183680772781372 24
1751482869524 2.1608197689056396 25
1751482869958 2.075880527496338 26
1751482870441 2.0690274238586426 27
1751482870885 2.009835958480835 28
1751482871367 1.9586368799209595 29
1751482871838 1.989959478378296 30
1751482872280 1.958083152770996 31
1751482872734 1.9149398803710938 32
1751482873202 1.8642791509628296 33
1751482873646 1.901559829711914 34
1751482874142 1.8446215391159058 35
1751482874599 1.8289726972579956 36
1751482875068 1.816541075706482 37
1751482875529 1.7970901727676392 38
1751482875981 1.8308110237121582 39
1751482876442 1.739197015762329 40
1751482876865 1.7209279537200928 41
1751482877320 1.7004026174545288 42
1751482877753 1.7322596311569214 43
1751482878190 1.6501573324203491 44
1751482878616 1.6416151523590088 45
1751482879061 1.6552245616912842 46
1751482879526 1.6375619173049927 47
1751482879973 1.6384721994400024 48
1751482880409 1.5426785945892334 49
1751482857774 5.66750955581665 0
