1751483704460 0.16410256922245026 0 a254afc2174d4f91a6d4c7dd162a7ec1
1751483704907 0.17207977175712585 1 a254afc2174d4f91a6d4c7dd162a7ec1
1751483705295 0.192592591047287 2 a254afc2174d4f91a6d4c7dd162a7ec1
1751483705679 0.22678062319755554 3 a254afc2174d4f91a6d4c7dd162a7ec1
1751483706071 0.23646724224090576 4 a254afc2174d4f91a6d4c7dd162a7ec1
1751483706456 0.24444444477558136 5 a254afc2174d4f91a6d4c7dd162a7ec1
1751483706844 0.2547008693218231 6 a254afc2174d4f91a6d4c7dd162a7ec1
1751483707225 0.25641027092933655 7 a254afc2174d4f91a6d4c7dd162a7ec1
1751483707621 0.2866096794605255 8 a254afc2174d4f91a6d4c7dd162a7ec1
1751483708014 0.29914531111717224 9 a254afc2174d4f91a6d4c7dd162a7ec1
1751483708421 0.3076923191547394 10 a254afc2174d4f91a6d4c7dd162a7ec1
1751483708834 0.3105413019657135 11 a254afc2174d4f91a6d4c7dd162a7ec1
1751483709209 0.3196581304073334 12 a254afc2174d4f91a6d4c7dd162a7ec1
1751483709588 0.33675214648246765 13 a254afc2174d4f91a6d4c7dd162a7ec1
1751483709975 0.3173789083957672 14 a254afc2174d4f91a6d4c7dd162a7ec1
1751483710358 0.325356125831604 15 a254afc2174d4f91a6d4c7dd162a7ec1
1751483711036 0.3242165148258209 16 a254afc2174d4f91a6d4c7dd162a7ec1
1751483711506 0.32991454005241394 17 a254afc2174d4f91a6d4c7dd162a7ec1
1751483704460 0.16410256922245026 0 a254afc2174d4f91a6d4c7dd162a7ec1
