1751483925143 3.7894818782806396 0
1751483925530 3.3436813354492188 1
1751483925934 3.315185070037842 2
1751483926321 3.265470266342163 3
1751483926722 3.2444939613342285 4
1751483927093 3.1471805572509766 5
1751483927481 3.146904468536377 6
1751483927887 3.1007137298583984 7
1751483928292 3.040861129760742 8
1751483928689 2.9855475425720215 9
1751483929084 2.896719455718994 10
1751483929488 2.866739511489868 11
1751483929870 2.82949161529541 12
1751483930274 2.753450870513916 13
1751483930672 2.73292875289917 14
1751483931074 2.639212131500244 15
1751483931464 2.6450417041778564 16
1751483931858 2.6579384803771973 17
1751483932264 2.5273733139038086 18
1751483932661 2.53794264793396 19
1751483933054 2.525878667831421 20
1751483933455 2.4465343952178955 21
1751483933862 2.448875904083252 22
1751483934252 2.3913843631744385 23
1751483934657 2.3806538581848145 24
1751483935071 2.331991672515869 25
1751483935443 2.327084541320801 26
1751483935837 2.3133575916290283 27
1751483936229 2.259026050567627 28
1751483936621 2.273287773132324 29
1751483925143 3.7894818782806396 0
