1751481764681 0.17638741433620453 0
1751481765142 0.1901732087135315 1
1751481765620 0.22410745918750763 2
1751481766072 0.2545068860054016 3
1751481766590 0.2743018865585327 4
1751481767039 0.29551076889038086 5
1751481767484 0.30187344551086426 6
1751481767943 0.3181336224079132 7
1751481768629 0.3181336224079132 8
1751481769080 0.32909154891967773 9
1751481769515 0.33227288722991943 10
1751481769950 0.3414634168148041 11
1751481770393 0.34393778443336487 12
1751481770811 0.36231884360313416 13
1751481771251 0.358784019947052 14
1751481771677 0.3715093731880188 15
1751481772094 0.37822553515434265 16
1751481772559 0.38706257939338684 17
1751481773028 0.3792859613895416 18
1751481773462 0.3913043439388275 19
1751481773888 0.3881230056285858 20
1751481774303 0.4057970941066742 21
1751481774715 0.39271828532218933 22
1751481775153 0.42064332962036133 23
1751481775630 0.4160480797290802 24
1751481776070 0.4135737121105194 25
1751481764681 0.17638741433620453 0
