1751470127906 0.10707996040582657 0 085d5949caee440aae3e19a7181207df
1751470128306 0.1218739002943039 1 085d5949caee440aae3e19a7181207df
1751470128714 0.14089468121528625 2 085d5949caee440aae3e19a7181207df
1751470129324 0.1451215147972107 3 085d5949caee440aae3e19a7181207df
1751470129694 0.1588587462902069 4 085d5949caee440aae3e19a7181207df
1751470130048 0.17823177576065063 5 085d5949caee440aae3e19a7181207df
1751470130412 0.16202887892723083 6 085d5949caee440aae3e19a7181207df
1751470130772 0.18281084299087524 7 085d5949caee440aae3e19a7181207df
1751470131211 0.19549137353897095 8 085d5949caee440aae3e19a7181207df
1751470131601 0.1937301903963089 9 085d5949caee440aae3e19a7181207df
1751470131968 0.19126452505588531 10 085d5949caee440aae3e19a7181207df
1751470132330 0.20218387246131897 11 085d5949caee440aae3e19a7181207df
1751470132780 0.21486438810825348 12 085d5949caee440aae3e19a7181207df
1751470133295 0.2250792533159256 13 085d5949caee440aae3e19a7181207df
1751470133695 0.2356463521718979 14 085d5949caee440aae3e19a7181207df
1751470134139 0.2261359691619873 15 085d5949caee440aae3e19a7181207df
1751470134518 0.23247621953487396 16 085d5949caee440aae3e19a7181207df
1751470134882 0.2377597689628601 17 085d5949caee440aae3e19a7181207df
1751470135232 0.24656569957733154 18 085d5949caee440aae3e19a7181207df
1751470135600 0.24410003423690796 19 085d5949caee440aae3e19a7181207df
1751470135983 0.24762240052223206 20 085d5949caee440aae3e19a7181207df
1751470136377 0.26276856660842896 21 085d5949caee440aae3e19a7181207df
1751470136829 0.28143712878227234 22 085d5949caee440aae3e19a7181207df
1751470137257 0.26488199830055237 23 085d5949caee440aae3e19a7181207df
1751470137739 0.280732661485672 24 085d5949caee440aae3e19a7181207df
1751470138169 0.28460726141929626 25 085d5949caee440aae3e19a7181207df
1751470138573 0.29623106122016907 26 085d5949caee440aae3e19a7181207df
1751470138977 0.2912997603416443 27 085d5949caee440aae3e19a7181207df
1751470139376 0.28108489513397217 28 085d5949caee440aae3e19a7181207df
1751470139787 0.29869672656059265 29 085d5949caee440aae3e19a7181207df
1751470140209 0.30116239190101624 30 085d5949caee440aae3e19a7181207df
1751470140642 0.30468475818634033 31 085d5949caee440aae3e19a7181207df
1751470141090 0.3110250234603882 32 085d5949caee440aae3e19a7181207df
1751470141507 0.3145473897457123 33 085d5949caee440aae3e19a7181207df
1751470141958 0.31947869062423706 34 085d5949caee440aae3e19a7181207df
1751470142395 0.32546672224998474 35 085d5949caee440aae3e19a7181207df
1751470142886 0.32300105690956116 36 085d5949caee440aae3e19a7181207df
1751470143280 0.3339203894138336 37 085d5949caee440aae3e19a7181207df
1751470143662 0.32546672224998474 38 085d5949caee440aae3e19a7181207df
1751470144039 0.3342726230621338 39 085d5949caee440aae3e19a7181207df
1751470144460 0.3434307873249054 40 085d5949caee440aae3e19a7181207df
1751470144901 0.34166958928108215 41 085d5949caee440aae3e19a7181207df
1751470145336 0.3420218527317047 42 085d5949caee440aae3e19a7181207df
1751470145752 0.34026065468788147 43 085d5949caee440aae3e19a7181207df
1751470146155 0.35540682077407837 44 085d5949caee440aae3e19a7181207df
1751470146606 0.34378302097320557 45 085d5949caee440aae3e19a7181207df
1751470147007 0.3698485493659973 46 085d5949caee440aae3e19a7181207df
1751470147433 0.37900668382644653 47 085d5949caee440aae3e19a7181207df
1751470147911 0.3529411852359772 48 085d5949caee440aae3e19a7181207df
1751470148301 0.36703065037727356 49 085d5949caee440aae3e19a7181207df
1751470127906 0.10707996040582657 0 085d5949caee440aae3e19a7181207df
