1751470127906 3.3279764652252197 0 085d5949caee440aae3e19a7181207df
1751470128306 2.99196457862854 1 085d5949caee440aae3e19a7181207df
1751470128714 2.781076669692993 2 085d5949caee440aae3e19a7181207df
1751470129324 2.7627382278442383 3 085d5949caee440aae3e19a7181207df
1751470129694 2.6313467025756836 4 085d5949caee440aae3e19a7181207df
1751470130048 2.595107316970825 5 085d5949caee440aae3e19a7181207df
1751470130412 2.574280261993408 6 085d5949caee440aae3e19a7181207df
1751470130772 2.5514538288116455 7 085d5949caee440aae3e19a7181207df
1751470131211 2.4640285968780518 8 085d5949caee440aae3e19a7181207df
1751470131601 2.4578394889831543 9 085d5949caee440aae3e19a7181207df
1751470131968 2.419290781021118 10 085d5949caee440aae3e19a7181207df
1751470132330 2.3499956130981445 11 085d5949caee440aae3e19a7181207df
1751470132780 2.287245035171509 12 085d5949caee440aae3e19a7181207df
1751470133295 2.325805187225342 13 085d5949caee440aae3e19a7181207df
1751470133695 2.2493631839752197 14 085d5949caee440aae3e19a7181207df
1751470134139 2.2248027324676514 15 085d5949caee440aae3e19a7181207df
1751470134518 2.221768617630005 16 085d5949caee440aae3e19a7181207df
1751470134882 2.197120428085327 17 085d5949caee440aae3e19a7181207df
1751470135232 2.181941509246826 18 085d5949caee440aae3e19a7181207df
1751470135600 2.1317853927612305 19 085d5949caee440aae3e19a7181207df
1751470135983 2.108081817626953 20 085d5949caee440aae3e19a7181207df
1751470136377 2.097325563430786 21 085d5949caee440aae3e19a7181207df
1751470136829 2.064850091934204 22 085d5949caee440aae3e19a7181207df
1751470137257 2.08137845993042 23 085d5949caee440aae3e19a7181207df
1751470137739 2.040005922317505 24 085d5949caee440aae3e19a7181207df
1751470138169 2.0251662731170654 25 085d5949caee440aae3e19a7181207df
1751470138573 1.945874571800232 26 085d5949caee440aae3e19a7181207df
1751470138977 1.9635003805160522 27 085d5949caee440aae3e19a7181207df
1751470139376 1.9469056129455566 28 085d5949caee440aae3e19a7181207df
1751470139787 1.90717613697052 29 085d5949caee440aae3e19a7181207df
1751470140209 1.9296019077301025 30 085d5949caee440aae3e19a7181207df
1751470140642 1.8818511962890625 31 085d5949caee440aae3e19a7181207df
1751470141090 1.8887766599655151 32 085d5949caee440aae3e19a7181207df
1751470141507 1.8619204759597778 33 085d5949caee440aae3e19a7181207df
1751470141958 1.872572898864746 34 085d5949caee440aae3e19a7181207df
1751470142395 1.8349958658218384 35 085d5949caee440aae3e19a7181207df
1751470142886 1.8152070045471191 36 085d5949caee440aae3e19a7181207df
1751470143280 1.7914772033691406 37 085d5949caee440aae3e19a7181207df
1751470143662 1.7866226434707642 38 085d5949caee440aae3e19a7181207df
1751470144039 1.7188242673873901 39 085d5949caee440aae3e19a7181207df
1751470144460 1.7479075193405151 40 085d5949caee440aae3e19a7181207df
1751470144901 1.731026291847229 41 085d5949caee440aae3e19a7181207df
1751470145336 1.6803253889083862 42 085d5949caee440aae3e19a7181207df
1751470145752 1.7275259494781494 43 085d5949caee440aae3e19a7181207df
1751470146155 1.6961537599563599 44 085d5949caee440aae3e19a7181207df
1751470146606 1.6657339334487915 45 085d5949caee440aae3e19a7181207df
1751470147007 1.6339486837387085 46 085d5949caee440aae3e19a7181207df
1751470147433 1.6272343397140503 47 085d5949caee440aae3e19a7181207df
1751470147911 1.659640908241272 48 085d5949caee440aae3e19a7181207df
1751470148301 1.6099258661270142 49 085d5949caee440aae3e19a7181207df
1751470127906 3.3279764652252197 0 085d5949caee440aae3e19a7181207df
