1751481119374 0.14987628161907196 0
1751481120039 0.16542948782444 1
1751481120711 0.18027570843696594 2
1751481121332 0.19830328226089478 3
1751481121975 0.2099681794643402 4
1751481122591 0.22340048849582672 5
1751481123206 0.22375397384166718 6
1751481123803 0.23117709159851074 7
1751481124427 0.23188406229019165 8
1751481125020 0.2633439302444458 9
1751481125674 0.2615765333175659 10
1751481126303 0.26193001866340637 11
1751481126958 0.2583951950073242 12
1751481127553 0.2626369595527649 13
1751481128182 0.28031107783317566 14
1751481128831 0.27324143052101135 15
1751481129501 0.28844115138053894 16
1751481130186 0.3096500635147095 17
1751481130850 0.30116650462150574 18
1751481131458 0.3022269308567047 19
1751481132079 0.31212443113327026 20
1751481132716 0.31707316637039185 21
1751481133346 0.3085896074771881 22
1751481133987 0.3142453134059906 23
1751481134609 0.3347472548484802 24
1751481135271 0.3389890491962433 25
1751481135918 0.32909154891967773 26
1751481136531 0.337221622467041 27
1751481137166 0.34075644612312317 28
1751481137805 0.33757510781288147 29
1751481138433 0.3605514168739319 30
1751481139089 0.3556026816368103 31
1751481139723 0.3570166230201721 32
1751481140350 0.35843053460121155 33
1751481140994 0.3524213433265686 34
1751481141655 0.35984447598457336 35
1751481142274 0.3739837408065796 36
1751481142918 0.38140684366226196 37
1751481143539 0.37681159377098083 38
1751481144142 0.3715093731880188 39
1751481144738 0.3817603290081024 40
1751481145353 0.380346417427063 41
1751481145988 0.38706257939338684 42
1751481146587 0.38635560870170593 43
1751481147233 0.38847649097442627 44
1751481147852 0.4057970941066742 45
1751481148449 0.41180628538131714 46
1751481149052 0.4192294180393219 47
1751481149672 0.4001413881778717 48
1751481150320 0.4015553295612335 49
1751481119374 0.14987628161907196 0
