1751481119374 5.057339191436768 0
1751481120039 4.571671009063721 1
1751481120711 4.2569580078125 2
1751481121332 4.026968002319336 3
1751481121975 3.9181153774261475 4
1751481122591 3.750258445739746 5
1751481123206 3.691704511642456 6
1751481123803 3.5563902854919434 7
1751481124427 3.5133402347564697 8
1751481125020 3.3485500812530518 9
1751481125674 3.3158798217773438 10
1751481126303 3.3152670860290527 11
1751481126958 3.2596869468688965 12
1751481127553 3.199824810028076 13
1751481128182 3.0938055515289307 14
1751481128831 3.1313233375549316 15
1751481129501 3.0261952877044678 16
1751481130186 2.9686784744262695 17
1751481130850 2.928619146347046 18
1751481131458 2.9334425926208496 19
1751481132079 2.8693923950195312 20
1751481132716 2.821254253387451 21
1751481133346 2.8451919555664062 22
1751481133987 2.8045670986175537 23
1751481134609 2.7342512607574463 24
1751481135271 2.6666007041931152 25
1751481135918 2.708608865737915 26
1751481136531 2.6587185859680176 27
1751481137166 2.647308111190796 28
1751481137805 2.6138381958007812 29
1751481138433 2.5661537647247314 30
1751481139089 2.569406747817993 31
1751481139723 2.50089693069458 32
1751481140350 2.4977407455444336 33
1751481140994 2.5202155113220215 34
1751481141655 2.4770097732543945 35
1751481142274 2.4177138805389404 36
1751481142918 2.3917059898376465 37
1751481143539 2.3935842514038086 38
1751481144142 2.3914811611175537 39
1751481144738 2.3327980041503906 40
1751481145353 2.3441948890686035 41
1751481145988 2.328951597213745 42
1751481146587 2.3258683681488037 43
1751481147233 2.2859716415405273 44
1751481147852 2.2198665142059326 45
1751481148449 2.2161309719085693 46
1751481149052 2.1948094367980957 47
1751481149672 2.2312939167022705 48
1751481150320 2.2103257179260254 49
1751481119374 5.057339191436768 0
