1751479927756 0.11099328100681305 0
1751479928086 0.11983032524585724 1
1751479928443 0.12336514890193939 2
1751479928770 0.12442559003829956 3
1751479929134 0.14386709034442902 4
1751479929538 0.1240721121430397 5
1751479929901 0.13962531089782715 6
1751479930251 0.14139272272586823 7
1751479930629 0.14492753148078918 8
1751479931000 0.14280664920806885 9
1751479931363 0.1615411788225174 10
1751479931707 0.1519971787929535 11
1751479932113 0.16260161995887756 12
1751479932476 0.16755037009716034 13
1751479932845 0.16931778192520142 14
1751479933191 0.17886178195476532 15
1751479933544 0.1717921495437622 16
1751479933911 0.1940615028142929 17
1751479934273 0.17956875264644623 18
1751479934612 0.1781548261642456 19
1751479934948 0.1997172087430954 20
1751479936573 0.18911276757717133 21
1751479936938 0.2124425619840622 22
1751479937305 0.19830328226089478 23
1751479937642 0.21456344425678253 24
1751479938006 0.21102863550186157 25
1751479938344 0.2195121943950653 26
1751479938716 0.20466595888137817 27
1751479939059 0.20820078253746033 28
1751479939438 0.2163308560848236 29
1751479939814 0.22410745918750763 30
1751479940210 0.23895369470119476 31
1751479940624 0.22552138566970825 32
1751479941006 0.23047013580799103 33
1751479941428 0.234004944562912 34
1751479941812 0.2371862828731537 35
1751479942165 0.24637681245803833 36
1751479942537 0.25344645977020264 37
1751479942897 0.24991163611412048 38
1751479943288 0.2523860037326813 39
1751479943685 0.2679392099380493 40
1751479944080 0.24920466542243958 41
1751479944467 0.26122304797172546 42
1751479944855 0.2753623127937317 43
1751479945197 0.24566984176635742 44
1751479945563 0.2601625919342041 45
1751479945984 0.2767762541770935 46
1751479946333 0.26864615082740784 47
1751479946705 0.27960410714149475 48
1751479947074 0.2792506217956543 49
1751479927756 0.11099328100681305 0
