1751470170644 0.12821416556835175 0
1751470171136 0.17682282626628876 1
1751470171563 0.19408242404460907 2
1751470172038 0.23071503639221191 3
1751470172488 0.257485032081604 4
1751470173009 0.2712222635746002 5
1751470173481 0.29728779196739197 6
1751470173954 0.29728779196739197 7
1751470174373 0.31137725710868835 8
1751470174854 0.3110250234603882 9
1751470175278 0.3205353915691376 10
1751470175710 0.32194435596466064 11
1751470176253 0.341317355632782 12
1751470176763 0.3596336841583252 13
1751470177240 0.3606903851032257 14
1751470177695 0.3768932819366455 15
1751470178145 0.39380064606666565 16
1751470178596 0.3976752460002899 17
1751470179129 0.39485734701156616 18
1751470179590 0.39626628160476685 19
1751470180024 0.4272631108760834 20
1751470180472 0.42057061195373535 21
1751470180928 0.4184572100639343 22
1751470181377 0.4371257424354553 23
1751470181823 0.42972877621650696 24
1751470182311 0.4476928412914276 25
1751470182769 0.45191970467567444 26
1751470183332 0.4371257424354553 27
1751470183806 0.4547375738620758 28
1751470184310 0.45755547285079956 29
1751470184792 0.44276154041290283 30
1751470185296 0.4734061360359192 31
1751470185793 0.46917930245399475 32
1751470186305 0.48679113388061523 33
1751470170644 0.12821416556835175 0
