1751481250101 0.1488158404827118 0
1751481250696 0.1965358853340149 1
1751481251336 0.22304701805114746 2
1751481251899 0.23753976821899414 3
1751481252498 0.2559208273887634 4
1751481253050 0.27006009221076965 5
1751481253646 0.28844115138053894 6
1751481254231 0.3100035488605499 7
1751481254835 0.32414281368255615 8
1751481255409 0.33545422554016113 9
1751481255985 0.34641215205192566 10
1751481256597 0.3739837408065796 11
1751481257171 0.38069990277290344 12
1751481257752 0.36620715260505676 13
1751481258339 0.38069990277290344 14
1751481258900 0.3944856822490692 15
1751481259470 0.40296924114227295 16
1751481260095 0.3891834616661072 17
1751481260684 0.4114528000354767 18
1751481261272 0.41003888845443726 19
1751481261836 0.41958290338516235 20
1751481262381 0.4270060062408447 21
1751481262966 0.4294803738594055 22
1751481263570 0.4397313594818115 23
1751481264157 0.4485684037208557 24
1751481264767 0.4485684037208557 25
1751481265385 0.44043833017349243 26
1751481250101 0.1488158404827118 0
