1751481250101 4.733436584472656 0
1751481250696 3.5374467372894287 1
1751481251336 3.367825746536255 2
1751481251899 3.1932833194732666 3
1751481252498 3.0928213596343994 4
1751481253050 3.0274040699005127 5
1751481253646 2.8804733753204346 6
1751481254231 2.77402400970459 7
1751481254835 2.6897873878479004 8
1751481255409 2.6530961990356445 9
1751481255985 2.548933506011963 10
1751481256597 2.4215595722198486 11
1751481257171 2.369981050491333 12
1751481257752 2.3770458698272705 13
1751481258339 2.3150548934936523 14
1751481258900 2.2592952251434326 15
1751481259470 2.2152857780456543 16
1751481260095 2.2297050952911377 17
1751481260684 2.135732650756836 18
1751481261272 2.1466965675354004 19
1751481261836 2.0606391429901123 20
1751481262381 2.025052547454834 21
1751481262966 1.9973855018615723 22
1751481263570 1.9662963151931763 23
1751481264157 1.9189382791519165 24
1751481264767 1.926413655281067 25
1751481265385 1.9191334247589111 26
1751481250101 4.733436584472656 0
