1751482308635 0.15942029654979706 0 e25118e5f27549d18bc775d1e75cd8e6
1751482309105 0.16896429657936096 1 e25118e5f27549d18bc775d1e75cd8e6
1751482309545 0.1806291937828064 2 e25118e5f27549d18bc775d1e75cd8e6
1751482310065 0.17780134081840515 3 e25118e5f27549d18bc775d1e75cd8e6
1751482310540 0.17143866419792175 4 e25118e5f27549d18bc775d1e75cd8e6
1751482311058 0.18027570843696594 5 e25118e5f27549d18bc775d1e75cd8e6
1751482311515 0.18911276757717133 6 e25118e5f27549d18bc775d1e75cd8e6
1751482312108 0.18168964982032776 7 e25118e5f27549d18bc775d1e75cd8e6
1751482312635 0.18875928223133087 8 e25118e5f27549d18bc775d1e75cd8e6
1751482313117 0.20113113522529602 9 e25118e5f27549d18bc775d1e75cd8e6
1751482313680 0.20325203239917755 10 e25118e5f27549d18bc775d1e75cd8e6
1751482314182 0.19370801746845245 11 e25118e5f27549d18bc775d1e75cd8e6
1751482314679 0.19052669405937195 12 e25118e5f27549d18bc775d1e75cd8e6
1751482315150 0.19901025295257568 13 e25118e5f27549d18bc775d1e75cd8e6
1751482315615 0.2085542529821396 14 e25118e5f27549d18bc775d1e75cd8e6
1751482316056 0.21067515015602112 15 e25118e5f27549d18bc775d1e75cd8e6
1751482316534 0.21915870904922485 16 e25118e5f27549d18bc775d1e75cd8e6
1751482316998 0.22057263553142548 17 e25118e5f27549d18bc775d1e75cd8e6
1751482317483 0.22622835636138916 18 e25118e5f27549d18bc775d1e75cd8e6
1751482318157 0.234004944562912 19 e25118e5f27549d18bc775d1e75cd8e6
1751482308635 0.15942029654979706 0 e25118e5f27549d18bc775d1e75cd8e6
