1751484191870 0.15441595017910004 0 6472782bd9b34e518f4127f8aa6b1b74
1751484194090 0.14814814925193787 1 6472782bd9b34e518f4127f8aa6b1b74
1751484195199 0.16011396050453186 2 6472782bd9b34e518f4127f8aa6b1b74
1751484196389 0.17891737818717957 3 6472782bd9b34e518f4127f8aa6b1b74
1751484197586 0.16923077404499054 4 6472782bd9b34e518f4127f8aa6b1b74
1751484198787 0.16011396050453186 5 6472782bd9b34e518f4127f8aa6b1b74
1751484199890 0.17094017565250397 6 6472782bd9b34e518f4127f8aa6b1b74
1751484200976 0.1766381710767746 7 6472782bd9b34e518f4127f8aa6b1b74
1751484202137 0.17834757268428802 8 6472782bd9b34e518f4127f8aa6b1b74
1751484203162 0.1766381710767746 9 6472782bd9b34e518f4127f8aa6b1b74
1751484204129 0.17720797657966614 10 6472782bd9b34e518f4127f8aa6b1b74
1751484204897 0.18917378783226013 11 6472782bd9b34e518f4127f8aa6b1b74
1751484206357 0.18689458072185516 12 6472782bd9b34e518f4127f8aa6b1b74
1751484207483 0.18290598690509796 13 6472782bd9b34e518f4127f8aa6b1b74
1751484208229 0.1886039823293686 14 6472782bd9b34e518f4127f8aa6b1b74
1751484209419 0.19316239655017853 15 6472782bd9b34e518f4127f8aa6b1b74
1751484210770 0.18917378783226013 16 6472782bd9b34e518f4127f8aa6b1b74
1751484191870 0.15441595017910004 0 6472782bd9b34e518f4127f8aa6b1b74
