1751484191870 3.526940107345581 0 6472782bd9b34e518f4127f8aa6b1b74
1751484194090 3.279482841491699 1 6472782bd9b34e518f4127f8aa6b1b74
1751484195199 3.233720541000366 2 6472782bd9b34e518f4127f8aa6b1b74
1751484196389 3.208209753036499 3 6472782bd9b34e518f4127f8aa6b1b74
1751484197586 3.2147324085235596 4 6472782bd9b34e518f4127f8aa6b1b74
1751484198787 3.212520122528076 5 6472782bd9b34e518f4127f8aa6b1b74
1751484199890 3.1738014221191406 6 6472782bd9b34e518f4127f8aa6b1b74
1751484200976 3.150923728942871 7 6472782bd9b34e518f4127f8aa6b1b74
1751484202137 3.1521449089050293 8 6472782bd9b34e518f4127f8aa6b1b74
1751484203162 3.119286060333252 9 6472782bd9b34e518f4127f8aa6b1b74
1751484204129 3.1299984455108643 10 6472782bd9b34e518f4127f8aa6b1b74
1751484204897 3.120518684387207 11 6472782bd9b34e518f4127f8aa6b1b74
1751484206357 3.1095683574676514 12 6472782bd9b34e518f4127f8aa6b1b74
1751484207483 3.0978851318359375 13 6472782bd9b34e518f4127f8aa6b1b74
1751484208229 3.074942111968994 14 6472782bd9b34e518f4127f8aa6b1b74
1751484209419 3.055608034133911 15 6472782bd9b34e518f4127f8aa6b1b74
1751484210770 3.0558934211730957 16 6472782bd9b34e518f4127f8aa6b1b74
1751484191870 3.526940107345581 0 6472782bd9b34e518f4127f8aa6b1b74
