1751483110743 3.714268207550049 0
1751483111799 3.439303159713745 1
1751483112887 3.373750686645508 2
1751483114046 3.3311686515808105 3
1751483115164 3.3026137351989746 4
1751483116781 3.284148693084717 5
1751483118792 3.2224931716918945 6
1751483119646 3.2273592948913574 7
1751483120482 3.2114810943603516 8
1751483121584 3.164440155029297 9
1751483122748 3.150085926055908 10
1751483123988 3.146526575088501 11
1751483124985 3.1392223834991455 12
1751483125976 3.1195619106292725 13
1751483127151 3.119492769241333 14
1751483128205 3.0875706672668457 15
1751483110743 3.714268207550049 0
