1751483060471 0.15441595017910004 0
1751483062791 0.14814814925193787 1
1751483063771 0.16011396050453186 2
1751483064823 0.17891737818717957 3
1751483065827 0.16923077404499054 4
1751483067084 0.16011396050453186 5
1751483068181 0.17094017565250397 6
1751483069402 0.1766381710767746 7
1751483070533 0.17834757268428802 8
1751483071815 0.1766381710767746 9
1751483072860 0.17720797657966614 10
1751483073956 0.18917378783226013 11
1751483075060 0.18689458072185516 12
1751483076100 0.18290598690509796 13
1751483077274 0.1886039823293686 14
1751483078479 0.19316239655017853 15
1751483079361 0.18917378783226013 16
1751483060471 0.15441595017910004 0
