1751482954475 0.08774928748607635 0 f58a9d11c3774d5e87f215f6d62d784b
1751482954948 0.09971509873867035 1 f58a9d11c3774d5e87f215f6d62d784b
1751482955433 0.11054131388664246 2 f58a9d11c3774d5e87f215f6d62d784b
1751482955911 0.12649573385715485 3 f58a9d11c3774d5e87f215f6d62d784b
1751482956385 0.1259259283542633 4 f58a9d11c3774d5e87f215f6d62d784b
1751482956918 0.144729346036911 5 f58a9d11c3774d5e87f215f6d62d784b
1751482957408 0.14928774535655975 6 f58a9d11c3774d5e87f215f6d62d784b
1751482957874 0.15555556118488312 7 f58a9d11c3774d5e87f215f6d62d784b
1751482958341 0.16410256922245026 8 f58a9d11c3774d5e87f215f6d62d784b
1751482958839 0.17891737818717957 9 f58a9d11c3774d5e87f215f6d62d784b
1751482959323 0.18119658529758453 10 f58a9d11c3774d5e87f215f6d62d784b
1751482954475 0.08774928748607635 0 f58a9d11c3774d5e87f215f6d62d784b
