1751482954475 7.542031764984131 0 f58a9d11c3774d5e87f215f6d62d784b
1751482954948 6.926612377166748 1 f58a9d11c3774d5e87f215f6d62d784b
1751482955433 6.43256950378418 2 f58a9d11c3774d5e87f215f6d62d784b
1751482955911 6.071262836456299 3 f58a9d11c3774d5e87f215f6d62d784b
1751482956385 5.77448034286499 4 f58a9d11c3774d5e87f215f6d62d784b
1751482956918 5.472741603851318 5 f58a9d11c3774d5e87f215f6d62d784b
1751482957408 5.121283054351807 6 f58a9d11c3774d5e87f215f6d62d784b
1751482957874 5.133796691894531 7 f58a9d11c3774d5e87f215f6d62d784b
1751482958341 4.769392013549805 8 f58a9d11c3774d5e87f215f6d62d784b
1751482958839 4.593112945556641 9 f58a9d11c3774d5e87f215f6d62d784b
1751482959323 4.466434001922607 10 f58a9d11c3774d5e87f215f6d62d784b
1751482954475 7.542031764984131 0 f58a9d11c3774d5e87f215f6d62d784b
