1751470109548 2.2559144496917725 0 e72e599cc0cc4456a4e45d95aa53055a
1751470109920 2.1212754249572754 1 e72e599cc0cc4456a4e45d95aa53055a
1751470110210 2.014785051345825 2 e72e599cc0cc4456a4e45d95aa53055a
1751470110497 1.90128755569458 3 e72e599cc0cc4456a4e45d95aa53055a
1751470110788 1.8042067289352417 4 e72e599cc0cc4456a4e45d95aa53055a
1751470111141 1.7360202074050903 5 e72e599cc0cc4456a4e45d95aa53055a
1751470111475 1.6698178052902222 6 e72e599cc0cc4456a4e45d95aa53055a
1751470111776 1.6160283088684082 7 e72e599cc0cc4456a4e45d95aa53055a
1751470112057 1.5643584728240967 8 e72e599cc0cc4456a4e45d95aa53055a
1751470112336 1.5130339860916138 9 e72e599cc0cc4456a4e45d95aa53055a
1751470112658 1.512662649154663 10 e72e599cc0cc4456a4e45d95aa53055a
1751470112990 1.4807262420654297 11 e72e599cc0cc4456a4e45d95aa53055a
1751470113339 1.4534364938735962 12 e72e599cc0cc4456a4e45d95aa53055a
1751470113686 1.4209970235824585 13 e72e599cc0cc4456a4e45d95aa53055a
1751470114035 1.3925631046295166 14 e72e599cc0cc4456a4e45d95aa53055a
1751470114382 1.372261881828308 15 e72e599cc0cc4456a4e45d95aa53055a
1751470114696 1.3562417030334473 16 e72e599cc0cc4456a4e45d95aa53055a
1751470115015 1.342136263847351 17 e72e599cc0cc4456a4e45d95aa53055a
1751470115395 1.318858027458191 18 e72e599cc0cc4456a4e45d95aa53055a
1751470115690 1.2923039197921753 19 e72e599cc0cc4456a4e45d95aa53055a
1751470115994 1.3020188808441162 20 e72e599cc0cc4456a4e45d95aa53055a
1751470116292 1.2810953855514526 21 e72e599cc0cc4456a4e45d95aa53055a
1751470116605 1.2560824155807495 22 e72e599cc0cc4456a4e45d95aa53055a
1751470116922 1.2581756114959717 23 e72e599cc0cc4456a4e45d95aa53055a
1751470117233 1.2343000173568726 24 e72e599cc0cc4456a4e45d95aa53055a
1751470117595 1.2326650619506836 25 e72e599cc0cc4456a4e45d95aa53055a
1751470117933 1.234585165977478 26 e72e599cc0cc4456a4e45d95aa53055a
1751470109548 2.2559144496917725 0 e72e599cc0cc4456a4e45d95aa53055a
