1751480108686 0.11311417818069458 0 b8574897ed834ef5992b33d18f638758
1751480109159 0.12548603117465973 1 b8574897ed834ef5992b33d18f638758
1751480109626 0.15659242868423462 2 b8574897ed834ef5992b33d18f638758
1751480110072 0.17532697319984436 3 b8574897ed834ef5992b33d18f638758
1751480110514 0.19158713519573212 4 b8574897ed834ef5992b33d18f638758
1751480110968 0.1997172087430954 5 b8574897ed834ef5992b33d18f638758
1751480111421 0.23047013580799103 6 b8574897ed834ef5992b33d18f638758
1751480111878 0.234004944562912 7 b8574897ed834ef5992b33d18f638758
1751480112332 0.25097206234931946 8 b8574897ed834ef5992b33d18f638758
1751480112752 0.255567342042923 9 b8574897ed834ef5992b33d18f638758
1751480113201 0.2849063277244568 10 b8574897ed834ef5992b33d18f638758
1751480113642 0.29798516631126404 11 b8574897ed834ef5992b33d18f638758
1751480114107 0.31212443113327026 12 b8574897ed834ef5992b33d18f638758
1751480114552 0.32732415199279785 13 b8574897ed834ef5992b33d18f638758
1751480115007 0.331919401884079 14 b8574897ed834ef5992b33d18f638758
1751480115470 0.3538352847099304 15 b8574897ed834ef5992b33d18f638758
1751480115892 0.3556026816368103 16 b8574897ed834ef5992b33d18f638758
1751480116343 0.36302581429481506 17 b8574897ed834ef5992b33d18f638758
1751480116789 0.3676210641860962 18 b8574897ed834ef5992b33d18f638758
1751480117239 0.3951926529407501 19 b8574897ed834ef5992b33d18f638758
1751480117712 0.3923647999763489 20 b8574897ed834ef5992b33d18f638758
1751480118193 0.3888299763202667 21 b8574897ed834ef5992b33d18f638758
1751480118708 0.4153411090373993 22 b8574897ed834ef5992b33d18f638758
1751480119149 0.4262990355491638 23 b8574897ed834ef5992b33d18f638758
1751480119627 0.4446800947189331 24 b8574897ed834ef5992b33d18f638758
1751480120085 0.42453163862228394 25 b8574897ed834ef5992b33d18f638758
1751480120534 0.4439731240272522 26 b8574897ed834ef5992b33d18f638758
1751480121015 0.4581124186515808 27 b8574897ed834ef5992b33d18f638758
1751480121521 0.4612937569618225 28 b8574897ed834ef5992b33d18f638758
1751480122014 0.4718981981277466 29 b8574897ed834ef5992b33d18f638758
1751480122476 0.47295865416526794 30 b8574897ed834ef5992b33d18f638758
1751480108686 0.11311417818069458 0 b8574897ed834ef5992b33d18f638758
