1751469985904 0.13279323279857635 0 018acee714344117a39f278dad39796d
1751469986227 0.17928847670555115 1 018acee714344117a39f278dad39796d
1751469986543 0.22648820281028748 2 018acee714344117a39f278dad39796d
1751469986858 0.23599858582019806 3 018acee714344117a39f278dad39796d
1751469987209 0.2437478005886078 4 018acee714344117a39f278dad39796d
1751469987518 0.2634730637073517 5 018acee714344117a39f278dad39796d
1751469987897 0.282846063375473 6 018acee714344117a39f278dad39796d
1751469988247 0.2934131622314453 7 018acee714344117a39f278dad39796d
1751469988591 0.282846063375473 8 018acee714344117a39f278dad39796d
1751469988915 0.3120817244052887 9 018acee714344117a39f278dad39796d
1751469989302 0.30891159176826477 10 018acee714344117a39f278dad39796d
1751469989624 0.31736525893211365 11 018acee714344117a39f278dad39796d
1751469989926 0.341317355632782 12 018acee714344117a39f278dad39796d
1751469990299 0.32511448860168457 13 018acee714344117a39f278dad39796d
1751469990673 0.3444874882698059 14 018acee714344117a39f278dad39796d
1751469991050 0.3536456525325775 15 018acee714344117a39f278dad39796d
1751469991425 0.371257483959198 16 018acee714344117a39f278dad39796d
1751469991825 0.36033815145492554 17 018acee714344117a39f278dad39796d
1751469992167 0.3557590842247009 18 018acee714344117a39f278dad39796d
1751469992547 0.36350828409194946 19 018acee714344117a39f278dad39796d
1751469992920 0.38006341457366943 20 018acee714344117a39f278dad39796d
1751469993275 0.3768932819366455 21 018acee714344117a39f278dad39796d
1751469993632 0.3698485493659973 22 018acee714344117a39f278dad39796d
1751469994013 0.3768932819366455 23 018acee714344117a39f278dad39796d
1751469994375 0.3860514163970947 24 018acee714344117a39f278dad39796d
1751469994726 0.3906305134296417 25 018acee714344117a39f278dad39796d
1751469995029 0.38358578085899353 26 018acee714344117a39f278dad39796d
1751469995432 0.38922154903411865 27 018acee714344117a39f278dad39796d
1751469995809 0.39168721437454224 28 018acee714344117a39f278dad39796d
1751469996183 0.40331101417541504 29 018acee714344117a39f278dad39796d
1751469996560 0.39943641424179077 30 018acee714344117a39f278dad39796d
1751469996923 0.40542444586753845 31 018acee714344117a39f278dad39796d
1751469997255 0.4188094437122345 32 018acee714344117a39f278dad39796d
1751469997655 0.4096512794494629 33 018acee714344117a39f278dad39796d
1751469998008 0.4107080101966858 34 018acee714344117a39f278dad39796d
1751469998404 0.413173645734787 35 018acee714344117a39f278dad39796d
1751469998770 0.40683338046073914 36 018acee714344117a39f278dad39796d
1751469999118 0.41106024384498596 37 018acee714344117a39f278dad39796d
1751469999477 0.4209228456020355 38 018acee714344117a39f278dad39796d
1751469985904 0.13279323279857635 0 018acee714344117a39f278dad39796d
