1751469985904 2.2583470344543457 0 018acee714344117a39f278dad39796d
1751469986227 2.157747983932495 1 018acee714344117a39f278dad39796d
1751469986543 2.054882764816284 2 018acee714344117a39f278dad39796d
1751469986858 1.9538227319717407 3 018acee714344117a39f278dad39796d
1751469987209 1.8635904788970947 4 018acee714344117a39f278dad39796d
1751469987518 1.7928249835968018 5 018acee714344117a39f278dad39796d
1751469987897 1.7703535556793213 6 018acee714344117a39f278dad39796d
1751469988247 1.696917176246643 7 018acee714344117a39f278dad39796d
1751469988591 1.6569958925247192 8 018acee714344117a39f278dad39796d
1751469988915 1.6249642372131348 9 018acee714344117a39f278dad39796d
1751469989302 1.6018580198287964 10 018acee714344117a39f278dad39796d
1751469989624 1.5884238481521606 11 018acee714344117a39f278dad39796d
1751469989926 1.5563926696777344 12 018acee714344117a39f278dad39796d
1751469990299 1.5457899570465088 13 018acee714344117a39f278dad39796d
1751469990673 1.5265123844146729 14 018acee714344117a39f278dad39796d
1751469991050 1.5021982192993164 15 018acee714344117a39f278dad39796d
1751469991425 1.4616068601608276 16 018acee714344117a39f278dad39796d
1751469991825 1.4811803102493286 17 018acee714344117a39f278dad39796d
1751469992167 1.4719737768173218 18 018acee714344117a39f278dad39796d
1751469992547 1.4400360584259033 19 018acee714344117a39f278dad39796d
1751469992920 1.4703266620635986 20 018acee714344117a39f278dad39796d
1751469993275 1.4001275300979614 21 018acee714344117a39f278dad39796d
1751469993632 1.3986010551452637 22 018acee714344117a39f278dad39796d
1751469994013 1.3965489864349365 23 018acee714344117a39f278dad39796d
1751469994375 1.377432107925415 24 018acee714344117a39f278dad39796d
1751469994726 1.3805547952651978 25 018acee714344117a39f278dad39796d
1751469995029 1.3634357452392578 26 018acee714344117a39f278dad39796d
1751469995432 1.3578269481658936 27 018acee714344117a39f278dad39796d
1751469995809 1.3353992700576782 28 018acee714344117a39f278dad39796d
1751469996183 1.3146172761917114 29 018acee714344117a39f278dad39796d
1751469996560 1.3283259868621826 30 018acee714344117a39f278dad39796d
1751469996923 1.3085837364196777 31 018acee714344117a39f278dad39796d
1751469997255 1.3078454732894897 32 018acee714344117a39f278dad39796d
1751469997655 1.2880322933197021 33 018acee714344117a39f278dad39796d
1751469998008 1.3061341047286987 34 018acee714344117a39f278dad39796d
1751469998404 1.3154900074005127 35 018acee714344117a39f278dad39796d
1751469998770 1.305788278579712 36 018acee714344117a39f278dad39796d
1751469999118 1.2850375175476074 37 018acee714344117a39f278dad39796d
1751469999477 1.2807254791259766 38 018acee714344117a39f278dad39796d
1751469985904 2.2583470344543457 0 018acee714344117a39f278dad39796d
