1751481616363 0.16083422303199768 0 82c7e50a4c324c808afec33b558c5c02
1751481616855 0.16825734078884125 1 82c7e50a4c324c808afec33b558c5c02
1751481617342 0.16967126727104187 2 82c7e50a4c324c808afec33b558c5c02
1751481617832 0.1749734878540039 3 82c7e50a4c324c808afec33b558c5c02
1751481618280 0.1710851937532425 4 82c7e50a4c324c808afec33b558c5c02
1751481618744 0.18416401743888855 5 82c7e50a4c324c808afec33b558c5c02
1751481619216 0.18911276757717133 6 82c7e50a4c324c808afec33b558c5c02
1751481619742 0.1806291937828064 7 82c7e50a4c324c808afec33b558c5c02
1751481620254 0.18310357630252838 8 82c7e50a4c324c808afec33b558c5c02
1751481620740 0.18239660561084747 9 82c7e50a4c324c808afec33b558c5c02
1751481621208 0.18840579688549042 10 82c7e50a4c324c808afec33b558c5c02
1751481621706 0.18946623802185059 11 82c7e50a4c324c808afec33b558c5c02
1751481622173 0.1876988261938095 12 82c7e50a4c324c808afec33b558c5c02
1751481622624 0.20395900309085846 13 82c7e50a4c324c808afec33b558c5c02
1751481616363 0.16083422303199768 0 82c7e50a4c324c808afec33b558c5c02
