1751482713086 5.547780513763428 0 917a894ee986492790276b2065a64804
1751482713447 5.535989761352539 1 917a894ee986492790276b2065a64804
1751482713820 5.125417232513428 2 917a894ee986492790276b2065a64804
1751482714179 4.857983112335205 3 917a894ee986492790276b2065a64804
1751482714513 4.818381309509277 4 917a894ee986492790276b2065a64804
1751482714920 4.647546291351318 5 917a894ee986492790276b2065a64804
1751482715241 4.413698196411133 6 917a894ee986492790276b2065a64804
1751482715625 4.355258464813232 7 917a894ee986492790276b2065a64804
1751482715976 4.282827377319336 8 917a894ee986492790276b2065a64804
1751482716345 4.150101184844971 9 917a894ee986492790276b2065a64804
1751482716729 4.11256742477417 10 917a894ee986492790276b2065a64804
1751482717068 3.9397284984588623 11 917a894ee986492790276b2065a64804
1751482717416 3.8913512229919434 12 917a894ee986492790276b2065a64804
1751482717749 3.9381909370422363 13 917a894ee986492790276b2065a64804
1751482718078 3.8932406902313232 14 917a894ee986492790276b2065a64804
1751482718398 3.8479526042938232 15 917a894ee986492790276b2065a64804
1751482718723 3.7481374740600586 16 917a894ee986492790276b2065a64804
1751482719049 3.73860764503479 17 917a894ee986492790276b2065a64804
1751482719388 3.7211577892303467 18 917a894ee986492790276b2065a64804
1751482719784 3.6735734939575195 19 917a894ee986492790276b2065a64804
1751482720123 3.676229953765869 20 917a894ee986492790276b2065a64804
1751482720825 3.582134962081909 21 917a894ee986492790276b2065a64804
1751482721168 3.5915749073028564 22 917a894ee986492790276b2065a64804
1751482713086 5.547780513763428 0 917a894ee986492790276b2065a64804
