1751483667582 0.15840455889701843 0
1751483668043 0.19373218715190887 1
1751483668511 0.2370370328426361 2
1751483668985 0.2501424551010132 3
1751483669447 0.26951566338539124 4
1751483669917 0.2717948853969574 5
1751483670383 0.31282052397727966 6
1751483670840 0.3225071132183075 7
1751483671307 0.34074074029922485 8
1751483671780 0.3680911660194397 9
1751483672274 0.3680911660194397 10
1751483672759 0.37834757566452026 11
1751483673239 0.3897435963153839 12
1751483673731 0.3857549726963043 13
1751483674225 0.4216524362564087 14
1751483674746 0.41994303464889526 15
1751483675272 0.4227920174598694 16
1751483667582 0.15840455889701843 0
