1751483667582 4.133638381958008 0
1751483668043 3.4302263259887695 1
1751483668511 3.137544870376587 2
1751483668985 3.032602071762085 3
1751483669447 2.8864994049072266 4
1751483669917 2.81046724319458 5
1751483670383 2.6557395458221436 6
1751483670840 2.6127827167510986 7
1751483671307 2.4883930683135986 8
1751483671780 2.339343309402466 9
1751483672274 2.2797255516052246 10
1751483672759 2.220707416534424 11
1751483673239 2.1403825283050537 12
1751483673731 2.1224172115325928 13
1751483674225 1.9959635734558105 14
1751483674746 1.9286720752716064 15
1751483675272 1.9469598531723022 16
1751483667582 4.133638381958008 0
