1751468773871 0.1567453294992447 0
1751468774555 0.19513913989067078 1
1751468775293 0.21592110395431519 2
1751468776005 0.22085241973400116 3
1751468776685 0.25361043214797974 4
1751468777376 0.2564283311367035 5
1751468778233 0.269461065530777 6
1751468778857 0.2669954299926758 7
1751468779456 0.2902430295944214 8
1751468779999 0.28249382972717285 9
1751468780850 0.29658329486846924 10
1751468781469 0.29623106122016907 11
1751468782064 0.30715039372444153 12
1751468782775 0.32511448860168457 13
1751468783468 0.31489962339401245 14
1751468784196 0.31842198967933655 15
1751468784924 0.33568158745765686 16
1751468785620 0.3222965896129608 17
1751468786510 0.33110249042510986 18
1751468787291 0.3384994864463806 19
1751468788021 0.34800985455513 20
1751468788805 0.3656216859817505 21
1751468789583 0.3536456525325775 22
1751468790353 0.3501232862472534 23
1751468791102 0.35787248611450195 24
1751468791803 0.3677351176738739 25
1751468792589 0.3691440522670746 26
1751468793341 0.3783022165298462 27
1751468794131 0.37654104828834534 28
1751468794816 0.37055301666259766 29
1751468795762 0.3783022165298462 30
1751468796586 0.3768932819366455 31
1751468797474 0.3737231492996216 32
1751468798198 0.389926016330719 33
1751468799107 0.3793589174747467 34
1751468799871 0.3909827470779419 35
1751468800600 0.39837971329689026 36
1751468801419 0.4001408815383911 37
1751468802168 0.39027827978134155 38
1751468802996 0.3980274796485901 39
1751468803726 0.39168721437454224 40
1751468804498 0.4015498459339142 41
1751468805237 0.41246917843818665 42
1751468805983 0.40683338046073914 43
1751468806731 0.41141247749328613 44
1751468807456 0.4092990458011627 45
1751468808211 0.4092990458011627 46
1751468808905 0.4047199785709381 47
1751468809593 0.4174004793167114 48
1751468810186 0.4202183783054352 49
1751468773871 0.1567453294992447 0
