1751468773871 2.2410733699798584 0
1751468774555 2.1146090030670166 1
1751468775293 2.0717387199401855 2
1751468776005 2.0490002632141113 3
1751468776685 2.0132622718811035 4
1751468777376 1.99773108959198 5
1751468778233 1.9846856594085693 6
1751468778857 1.9650285243988037 7
1751468779456 1.9361695051193237 8
1751468779999 1.930798888206482 9
1751468780850 1.9014561176300049 10
1751468781469 1.8790687322616577 11
1751468782064 1.8613536357879639 12
1751468782775 1.8223273754119873 13
1751468783468 1.8318610191345215 14
1751468784196 1.809470534324646 15
1751468784924 1.7867112159729004 16
1751468785620 1.7632948160171509 17
1751468786510 1.7532511949539185 18
1751468787291 1.7301517724990845 19
1751468788021 1.71725594997406 20
1751468788805 1.7065922021865845 21
1751468789583 1.6939553022384644 22
1751468790353 1.6810696125030518 23
1751468791102 1.675839900970459 24
1751468791803 1.6714589595794678 25
1751468792589 1.6405259370803833 26
1751468793341 1.6331270933151245 27
1751468794131 1.6067522764205933 28
1751468794816 1.5941239595413208 29
1751468795762 1.5965059995651245 30
1751468796586 1.5924726724624634 31
1751468797474 1.5904282331466675 32
1751468798198 1.5715317726135254 33
1751468799107 1.5689318180084229 34
1751468799871 1.5471477508544922 35
1751468800600 1.5361891984939575 36
1751468801419 1.5279276371002197 37
1751468802168 1.5259253978729248 38
1751468802996 1.5169756412506104 39
1751468803726 1.5095189809799194 40
1751468804498 1.5011579990386963 41
1751468805237 1.4768877029418945 42
1751468805983 1.4817160367965698 43
1751468806731 1.488121509552002 44
1751468807456 1.4817661046981812 45
1751468808211 1.4882721900939941 46
1751468808905 1.4771311283111572 47
1751468809593 1.4566482305526733 48
1751468810186 1.450478196144104 49
1751468773871 2.2410733699798584 0
