1751484272236 0.15897436439990997 0 5871cd2ae3544a93bd2412535e85dfd7
1751484272558 0.1766381710767746 1 5871cd2ae3544a93bd2412535e85dfd7
1751484272894 0.18803419172763824 2 5871cd2ae3544a93bd2412535e85dfd7
1751484273245 0.21880342066287994 3 5871cd2ae3544a93bd2412535e85dfd7
1751484273578 0.2461538463830948 4 5871cd2ae3544a93bd2412535e85dfd7
1751484273910 0.2660968601703644 5 5871cd2ae3544a93bd2412535e85dfd7
1751484274265 0.28717949986457825 6 5871cd2ae3544a93bd2412535e85dfd7
1751484274632 0.29230770468711853 7 5871cd2ae3544a93bd2412535e85dfd7
1751484274964 0.31396010518074036 8 5871cd2ae3544a93bd2412535e85dfd7
1751484275292 0.33276352286338806 9 5871cd2ae3544a93bd2412535e85dfd7
1751484275632 0.32877492904663086 10 5871cd2ae3544a93bd2412535e85dfd7
1751484275977 0.3561253547668457 11 5871cd2ae3544a93bd2412535e85dfd7
1751484276317 0.3641025722026825 12 5871cd2ae3544a93bd2412535e85dfd7
1751484276658 0.3658119738101959 13 5871cd2ae3544a93bd2412535e85dfd7
1751484277007 0.3737891614437103 14 5871cd2ae3544a93bd2412535e85dfd7
1751484277321 0.38860398530960083 15 5871cd2ae3544a93bd2412535e85dfd7
1751484277629 0.3880341947078705 16 5871cd2ae3544a93bd2412535e85dfd7
1751484277944 0.3960113823413849 17 5871cd2ae3544a93bd2412535e85dfd7
1751484278286 0.3920227885246277 18 5871cd2ae3544a93bd2412535e85dfd7
1751484278627 0.40911680459976196 19 5871cd2ae3544a93bd2412535e85dfd7
1751484278986 0.4176638126373291 20 5871cd2ae3544a93bd2412535e85dfd7
1751484279315 0.4039885997772217 21 5871cd2ae3544a93bd2412535e85dfd7
1751484279683 0.41139599680900574 22 5871cd2ae3544a93bd2412535e85dfd7
1751484272236 0.15897436439990997 0 5871cd2ae3544a93bd2412535e85dfd7
