1751484272236 3.4976837635040283 0 5871cd2ae3544a93bd2412535e85dfd7
1751484272558 3.194378137588501 1 5871cd2ae3544a93bd2412535e85dfd7
1751484272894 3.1204721927642822 2 5871cd2ae3544a93bd2412535e85dfd7
1751484273245 3.0027596950531006 3 5871cd2ae3544a93bd2412535e85dfd7
1751484273578 2.906299352645874 4 5871cd2ae3544a93bd2412535e85dfd7
1751484273910 2.849694013595581 5 5871cd2ae3544a93bd2412535e85dfd7
1751484274265 2.7619497776031494 6 5871cd2ae3544a93bd2412535e85dfd7
1751484274632 2.7199854850769043 7 5871cd2ae3544a93bd2412535e85dfd7
1751484274964 2.6305360794067383 8 5871cd2ae3544a93bd2412535e85dfd7
1751484275292 2.534456253051758 9 5871cd2ae3544a93bd2412535e85dfd7
1751484275632 2.5509166717529297 10 5871cd2ae3544a93bd2412535e85dfd7
1751484275977 2.4507155418395996 11 5871cd2ae3544a93bd2412535e85dfd7
1751484276317 2.410541534423828 12 5871cd2ae3544a93bd2412535e85dfd7
1751484276658 2.3742427825927734 13 5871cd2ae3544a93bd2412535e85dfd7
1751484277007 2.3461666107177734 14 5871cd2ae3544a93bd2412535e85dfd7
1751484277321 2.2929952144622803 15 5871cd2ae3544a93bd2412535e85dfd7
1751484277629 2.233328104019165 16 5871cd2ae3544a93bd2412535e85dfd7
1751484277944 2.166337251663208 17 5871cd2ae3544a93bd2412535e85dfd7
1751484278286 2.1943349838256836 18 5871cd2ae3544a93bd2412535e85dfd7
1751484278627 2.1104512214660645 19 5871cd2ae3544a93bd2412535e85dfd7
1751484278986 2.0636065006256104 20 5871cd2ae3544a93bd2412535e85dfd7
1751484279315 2.084049940109253 21 5871cd2ae3544a93bd2412535e85dfd7
1751484279683 2.0758109092712402 22 5871cd2ae3544a93bd2412535e85dfd7
1751484272236 3.4976837635040283 0 5871cd2ae3544a93bd2412535e85dfd7
