1751482214277 0.16189466416835785 0 82f126c5bbec491db3dedea650fefad9
1751482214816 0.17143866419792175 1 82f126c5bbec491db3dedea650fefad9
1751482215275 0.1679038554430008 2 82f126c5bbec491db3dedea650fefad9
1751482215750 0.1813361644744873 3 82f126c5bbec491db3dedea650fefad9
1751482216184 0.17214563488960266 4 82f126c5bbec491db3dedea650fefad9
1751482216610 0.17850831151008606 5 82f126c5bbec491db3dedea650fefad9
1751482217071 0.17638741433620453 6 82f126c5bbec491db3dedea650fefad9
1751482217546 0.17956875264644623 7 82f126c5bbec491db3dedea650fefad9
1751482218000 0.18204312026500702 8 82f126c5bbec491db3dedea650fefad9
1751482218650 0.17886178195476532 9 82f126c5bbec491db3dedea650fefad9
1751482214277 0.16189466416835785 0 82f126c5bbec491db3dedea650fefad9
