1751482214277 3.3932955265045166 0 82f126c5bbec491db3dedea650fefad9
1751482214816 3.177170753479004 1 82f126c5bbec491db3dedea650fefad9
1751482215275 3.1241400241851807 2 82f126c5bbec491db3dedea650fefad9
1751482215750 3.1179990768432617 3 82f126c5bbec491db3dedea650fefad9
1751482216184 3.119943141937256 4 82f126c5bbec491db3dedea650fefad9
1751482216610 3.107661485671997 5 82f126c5bbec491db3dedea650fefad9
1751482217071 3.1068053245544434 6 82f126c5bbec491db3dedea650fefad9
1751482217546 3.0933001041412354 7 82f126c5bbec491db3dedea650fefad9
1751482218000 3.0798401832580566 8 82f126c5bbec491db3dedea650fefad9
1751482218650 3.0916056632995605 9 82f126c5bbec491db3dedea650fefad9
1751482214277 3.3932955265045166 0 82f126c5bbec491db3dedea650fefad9
