1751481683466 3.381509304046631 0
1751481683916 3.2204508781433105 1
1751481684355 3.1805031299591064 2
1751481684780 3.142195224761963 3
1751481685244 3.143522262573242 4
1751481685693 3.127105712890625 5
1751481686111 3.110163688659668 6
1751481686553 3.1008901596069336 7
1751481686959 3.0991101264953613 8
1751481687403 3.075963258743286 9
1751481687883 3.066096305847168 10
1751481688312 3.065779685974121 11
1751481688740 3.0663983821868896 12
1751481689184 3.0617618560791016 13
1751481689605 3.029205799102783 14
1751481690090 3.0218091011047363 15
1751481690560 3.023921012878418 16
1751481691000 3.0055248737335205 17
1751481683466 3.381509304046631 0
