1751483199655 0.15897436439990997 0 762f7616f88041a7ad09825ef901a481
1751483200007 0.1766381710767746 1 762f7616f88041a7ad09825ef901a481
1751483200361 0.18803419172763824 2 762f7616f88041a7ad09825ef901a481
1751483200706 0.21880342066287994 3 762f7616f88041a7ad09825ef901a481
1751483201070 0.2461538463830948 4 762f7616f88041a7ad09825ef901a481
1751483201427 0.2660968601703644 5 762f7616f88041a7ad09825ef901a481
1751483201803 0.28717949986457825 6 762f7616f88041a7ad09825ef901a481
1751483202159 0.29230770468711853 7 762f7616f88041a7ad09825ef901a481
1751483202544 0.31396010518074036 8 762f7616f88041a7ad09825ef901a481
1751483202895 0.33276352286338806 9 762f7616f88041a7ad09825ef901a481
1751483203237 0.32877492904663086 10 762f7616f88041a7ad09825ef901a481
1751483203628 0.3561253547668457 11 762f7616f88041a7ad09825ef901a481
1751483203980 0.3641025722026825 12 762f7616f88041a7ad09825ef901a481
1751483204355 0.3658119738101959 13 762f7616f88041a7ad09825ef901a481
1751483204699 0.3737891614437103 14 762f7616f88041a7ad09825ef901a481
1751483205096 0.38860398530960083 15 762f7616f88041a7ad09825ef901a481
1751483205451 0.3880341947078705 16 762f7616f88041a7ad09825ef901a481
1751483205809 0.3960113823413849 17 762f7616f88041a7ad09825ef901a481
1751483206174 0.3920227885246277 18 762f7616f88041a7ad09825ef901a481
1751483206547 0.40911680459976196 19 762f7616f88041a7ad09825ef901a481
1751483206912 0.4176638126373291 20 762f7616f88041a7ad09825ef901a481
1751483207258 0.4039885997772217 21 762f7616f88041a7ad09825ef901a481
1751483207620 0.41139599680900574 22 762f7616f88041a7ad09825ef901a481
1751483199655 0.15897436439990997 0 762f7616f88041a7ad09825ef901a481
