1751483199655 3.4976837635040283 0 762f7616f88041a7ad09825ef901a481
1751483200007 3.194378137588501 1 762f7616f88041a7ad09825ef901a481
1751483200361 3.1204721927642822 2 762f7616f88041a7ad09825ef901a481
1751483200706 3.0027596950531006 3 762f7616f88041a7ad09825ef901a481
1751483201070 2.906299352645874 4 762f7616f88041a7ad09825ef901a481
1751483201427 2.849694013595581 5 762f7616f88041a7ad09825ef901a481
1751483201803 2.7619497776031494 6 762f7616f88041a7ad09825ef901a481
1751483202159 2.7199854850769043 7 762f7616f88041a7ad09825ef901a481
1751483202544 2.6305360794067383 8 762f7616f88041a7ad09825ef901a481
1751483202895 2.534456253051758 9 762f7616f88041a7ad09825ef901a481
1751483203237 2.5509166717529297 10 762f7616f88041a7ad09825ef901a481
1751483203628 2.4507155418395996 11 762f7616f88041a7ad09825ef901a481
1751483203980 2.410541534423828 12 762f7616f88041a7ad09825ef901a481
1751483204355 2.3742427825927734 13 762f7616f88041a7ad09825ef901a481
1751483204699 2.3461666107177734 14 762f7616f88041a7ad09825ef901a481
1751483205096 2.2929952144622803 15 762f7616f88041a7ad09825ef901a481
1751483205451 2.233328104019165 16 762f7616f88041a7ad09825ef901a481
1751483205809 2.166337251663208 17 762f7616f88041a7ad09825ef901a481
1751483206174 2.1943349838256836 18 762f7616f88041a7ad09825ef901a481
1751483206547 2.1104512214660645 19 762f7616f88041a7ad09825ef901a481
1751483206912 2.0636065006256104 20 762f7616f88041a7ad09825ef901a481
1751483207258 2.084049940109253 21 762f7616f88041a7ad09825ef901a481
1751483207620 2.0758109092712402 22 762f7616f88041a7ad09825ef901a481
1751483199655 3.4976837635040283 0 762f7616f88041a7ad09825ef901a481
